       1  0.000000000000000E+00  0.000000000000000E+00  4.970000000003532E-01
       2  0.000000000000000E+00  0.000000000000000E+00  4.970000000003532E-01
       3  0.000000000000000E+00  0.000000000000000E+00  4.970000000003532E-01
       4  0.000000000000000E+00  0.000000000000000E+00  4.970000000003532E-01
       5  0.000000000000000E+00  0.000000000000000E+00  4.970000000003532E-01
       6  0.000000000000000E+00  0.000000000000000E+00  4.970000000003532E-01
       7  0.000000000000000E+00  0.000000000000000E+00  4.970000000003532E-01
       8  0.000000000000000E+00  0.000000000000000E+00  4.970000000003532E-01
       9  0.000000000000000E+00  0.000000000000000E+00  4.970000000003532E-01
      10  0.000000000000000E+00  0.000000000000000E+00  4.970000000003532E-01
      11  0.000000000000000E+00  0.000000000000000E+00  4.970000000003532E-01
      12  0.000000000000000E+00  0.000000000000000E+00  4.970000000003532E-01
      13  0.000000000000000E+00  0.000000000000000E+00  4.970000000003532E-01
      14  0.000000000000000E+00  0.000000000000000E+00  4.970000000003532E-01
      15  0.000000000000000E+00  0.000000000000000E+00  4.970000000003532E-01
      16  0.000000000000000E+00  0.000000000000000E+00  4.970000000003532E-01
      17  0.000000000000000E+00  0.000000000000000E+00  4.970000000003532E-01
      18  0.000000000000000E+00  0.000000000000000E+00  4.970000000003532E-01
      19  0.000000000000000E+00  0.000000000000000E+00  4.970000000003532E-01
      20  0.000000000000000E+00  0.000000000000000E+00  4.970000000003532E-01
      21  0.000000000000000E+00  0.000000000000000E+00  4.970000000003532E-01
      22  0.000000000000000E+00  0.000000000000000E+00  4.970000000003532E-01
      23  0.000000000000000E+00  0.000000000000000E+00  4.970000000003532E-01
      24  0.000000000000000E+00  0.000000000000000E+00  4.970000000003532E-01
      25  0.000000000000000E+00  0.000000000000000E+00  4.970000000003532E-01
      26  0.000000000000000E+00  0.000000000000000E+00  4.970000000003532E-01
      27  0.000000000000000E+00  0.000000000000000E+00  4.970000000003532E-01
      28  0.000000000000000E+00  0.000000000000000E+00  4.970000000003532E-01
      29  0.000000000000000E+00  0.000000000000000E+00  4.970000000003532E-01
      30  0.000000000000000E+00  0.000000000000000E+00  4.970000000003532E-01
      31  0.000000000000000E+00  0.000000000000000E+00  4.970000000003532E-01
      32  0.000000000000000E+00  0.000000000000000E+00  4.970000000003532E-01
      33  0.000000000000000E+00  0.000000000000000E+00  4.970000000003532E-01
      34  0.000000000000000E+00  0.000000000000000E+00  4.970000000003532E-01
      35  0.000000000000000E+00  0.000000000000000E+00  4.970000000003532E-01
      36  0.000000000000000E+00  0.000000000000000E+00  4.970000000003532E-01
      37  0.000000000000000E+00  0.000000000000000E+00  4.970000000003532E-01
      38  0.000000000000000E+00  0.000000000000000E+00  4.970000000003532E-01
      39  0.000000000000000E+00  0.000000000000000E+00  4.970000000003532E-01
      40  0.000000000000000E+00  0.000000000000000E+00  4.970000000003532E-01
      41  0.000000000000000E+00  0.000000000000000E+00  4.970000000003532E-01
      42  0.000000000000000E+00  0.000000000000000E+00  4.970000000003532E-01
      43  0.000000000000000E+00  0.000000000000000E+00  4.970000000003532E-01
      44  0.000000000000000E+00  0.000000000000000E+00  4.970000000003532E-01
      45  0.000000000000000E+00  0.000000000000000E+00  4.970000000003532E-01
      46  0.000000000000000E+00  0.000000000000000E+00  4.970000000003532E-01
      47  0.000000000000000E+00  0.000000000000000E+00  4.970000000003532E-01
      48  0.000000000000000E+00  0.000000000000000E+00  4.970000000003532E-01
      49  0.000000000000000E+00  0.000000000000000E+00  4.970000000003532E-01
      50  0.000000000000000E+00  0.000000000000000E+00  4.970000000003532E-01
      51  0.000000000000000E+00  0.000000000000000E+00  4.970000000003532E-01
      52  0.000000000000000E+00  0.000000000000000E+00  4.970000000003532E-01
      53  0.000000000000000E+00  0.000000000000000E+00  4.970000000003532E-01
      54  0.000000000000000E+00  0.000000000000000E+00  4.970000000003532E-01
      55  0.000000000000000E+00  0.000000000000000E+00  4.970000000003532E-01
      56  0.000000000000000E+00  0.000000000000000E+00  4.970000000003532E-01
      57  0.000000000000000E+00  0.000000000000000E+00  4.970000000003532E-01
      58  0.000000000000000E+00  0.000000000000000E+00  4.970000000003532E-01
      59  0.000000000000000E+00  0.000000000000000E+00  4.970000000003532E-01
      60  0.000000000000000E+00  0.000000000000000E+00  4.970000000003532E-01
      61  0.000000000000000E+00  0.000000000000000E+00  4.970000000003532E-01
      62  0.000000000000000E+00  0.000000000000000E+00  4.970000000003532E-01
      63  0.000000000000000E+00  0.000000000000000E+00  4.970000000003532E-01
      64  0.000000000000000E+00  0.000000000000000E+00  4.970000000003532E-01
      65  0.000000000000000E+00  0.000000000000000E+00  4.970000000003532E-01
      66  0.000000000000000E+00  0.000000000000000E+00  4.970000000003532E-01
      67  0.000000000000000E+00  0.000000000000000E+00  4.970000000003532E-01
      68  0.000000000000000E+00  0.000000000000000E+00  4.970000000003532E-01
      69  0.000000000000000E+00  0.000000000000000E+00  4.970000000003532E-01
      70  0.000000000000000E+00  0.000000000000000E+00  4.970000000003532E-01
      71  0.000000000000000E+00  0.000000000000000E+00  4.970000000003532E-01
      72  0.000000000000000E+00  0.000000000000000E+00  4.970000000003532E-01
      73  0.000000000000000E+00  0.000000000000000E+00  4.970000000003532E-01
      74  0.000000000000000E+00  0.000000000000000E+00  4.970000000003532E-01
      75  0.000000000000000E+00  0.000000000000000E+00  4.970000000003532E-01
      76  0.000000000000000E+00  0.000000000000000E+00  4.970000000003532E-01
      77  0.000000000000000E+00  0.000000000000000E+00  4.970000000003532E-01
      78  0.000000000000000E+00  0.000000000000000E+00  4.970000000003532E-01
      79  0.000000000000000E+00  0.000000000000000E+00  4.970000000003532E-01
      80  0.000000000000000E+00  0.000000000000000E+00  4.970000000003532E-01
      81  0.000000000000000E+00  0.000000000000000E+00  4.970000000003532E-01
      82  0.000000000000000E+00  0.000000000000000E+00  4.970000000003532E-01
      83  0.000000000000000E+00  0.000000000000000E+00  4.970000000003532E-01
      84  0.000000000000000E+00  0.000000000000000E+00  4.970000000003532E-01
      85  0.000000000000000E+00  0.000000000000000E+00  4.970000000003532E-01
      86  0.000000000000000E+00  0.000000000000000E+00  4.970000000003532E-01
      87  0.000000000000000E+00  0.000000000000000E+00  4.970000000003532E-01
      88  0.000000000000000E+00  0.000000000000000E+00  4.970000000003532E-01
      89  0.000000000000000E+00  0.000000000000000E+00  4.970000000003532E-01
      90  0.000000000000000E+00  0.000000000000000E+00  4.970000000003532E-01
      91  0.000000000000000E+00  0.000000000000000E+00  4.970000000003532E-01
      92  0.000000000000000E+00  0.000000000000000E+00  4.970000000003532E-01
      93  0.000000000000000E+00  0.000000000000000E+00  4.970000000003532E-01
      94  0.000000000000000E+00  0.000000000000000E+00  4.970000000003532E-01
      95  0.000000000000000E+00  0.000000000000000E+00  4.970000000003532E-01
      96  0.000000000000000E+00  0.000000000000000E+00  4.970000000003532E-01
      97  0.000000000000000E+00  0.000000000000000E+00  4.970000000003532E-01
      98  0.000000000000000E+00  0.000000000000000E+00  4.970000000003532E-01
      99  0.000000000000000E+00  0.000000000000000E+00  4.970000000003532E-01
     100  0.000000000000000E+00  0.000000000000000E+00  4.970000000003532E-01
     101  0.000000000000000E+00  0.000000000000000E+00  4.970000000003532E-01
     102  0.000000000000000E+00  0.000000000000000E+00  4.970000000003532E-01
     103  0.000000000000000E+00  0.000000000000000E+00  4.970000000003532E-01
     104  0.000000000000000E+00  0.000000000000000E+00  4.970000000003532E-01
     105  0.000000000000000E+00  0.000000000000000E+00  4.970000000003532E-01
     106  0.000000000000000E+00  0.000000000000000E+00  4.970000000003532E-01
     107  0.000000000000000E+00  0.000000000000000E+00  4.970000000003532E-01
     108  0.000000000000000E+00  0.000000000000000E+00  4.970000000003532E-01
     109  0.000000000000000E+00  0.000000000000000E+00  4.970000000003532E-01
     110  0.000000000000000E+00  0.000000000000000E+00  4.970000000003532E-01
     111  0.000000000000000E+00  0.000000000000000E+00  4.970000000003532E-01
     112  0.000000000000000E+00  0.000000000000000E+00  4.970000000003532E-01
     113  0.000000000000000E+00  0.000000000000000E+00  4.970000000003532E-01
     114  0.000000000000000E+00  0.000000000000000E+00  4.970000000003532E-01
     115  0.000000000000000E+00  0.000000000000000E+00  4.970000000003532E-01
     116  0.000000000000000E+00  0.000000000000000E+00  4.970000000003532E-01
     117  0.000000000000000E+00  0.000000000000000E+00  4.970000000003532E-01
     118  0.000000000000000E+00  0.000000000000000E+00  4.970000000003532E-01
     119  0.000000000000000E+00  0.000000000000000E+00  4.970000000003532E-01
     120  0.000000000000000E+00  0.000000000000000E+00  4.970000000003532E-01
     121  0.000000000000000E+00  0.000000000000000E+00  4.970000000003532E-01
     122  0.000000000000000E+00  0.000000000000000E+00  4.970000000003532E-01
     123  0.000000000000000E+00  0.000000000000000E+00  4.970000000003532E-01
     124  0.000000000000000E+00  0.000000000000000E+00  4.970000000003532E-01
     125  0.000000000000000E+00  0.000000000000000E+00  4.970000000003532E-01
     126  0.000000000000000E+00  0.000000000000000E+00  4.970000000003532E-01
     127  0.000000000000000E+00  0.000000000000000E+00  4.970000000003532E-01
     128  0.000000000000000E+00  0.000000000000000E+00  4.970000000003532E-01
     129  0.000000000000000E+00  0.000000000000000E+00  4.970000000003532E-01
     130  0.000000000000000E+00  0.000000000000000E+00  4.970000000003532E-01
     131  0.000000000000000E+00  0.000000000000000E+00  4.970000000003532E-01
     132  0.000000000000000E+00  0.000000000000000E+00  4.970000000003532E-01
     133  0.000000000000000E+00  0.000000000000000E+00  4.970000000003532E-01
     134  0.000000000000000E+00  0.000000000000000E+00  4.970000000003532E-01
     135  0.000000000000000E+00  0.000000000000000E+00  4.970000000003532E-01
     136  0.000000000000000E+00  0.000000000000000E+00  4.970000000003532E-01
     137  0.000000000000000E+00  0.000000000000000E+00  4.970000000003532E-01
     138  0.000000000000000E+00  0.000000000000000E+00  4.970000000003532E-01
     139  0.000000000000000E+00  0.000000000000000E+00  4.970000000003532E-01
     140  0.000000000000000E+00  0.000000000000000E+00  4.970000000003532E-01
     141  0.000000000000000E+00  0.000000000000000E+00  4.970000000003532E-01
     142  0.000000000000000E+00  0.000000000000000E+00  4.970000000003532E-01
     143  0.000000000000000E+00  0.000000000000000E+00  4.970000000003532E-01
     144  0.000000000000000E+00  0.000000000000000E+00  4.970000000003532E-01
     145  0.000000000000000E+00  0.000000000000000E+00  4.970000000003532E-01
     146  0.000000000000000E+00  0.000000000000000E+00  4.970000000003532E-01
     147  0.000000000000000E+00  0.000000000000000E+00  4.970000000003532E-01
     148  0.000000000000000E+00  0.000000000000000E+00  4.970000000003532E-01
     149  0.000000000000000E+00  0.000000000000000E+00  4.970000000003532E-01
     150  0.000000000000000E+00  0.000000000000000E+00  4.970000000003532E-01
     151  0.000000000000000E+00  0.000000000000000E+00  4.970000000003532E-01
     152  0.000000000000000E+00  0.000000000000000E+00  4.970000000003532E-01
     153  0.000000000000000E+00  0.000000000000000E+00  4.970000000003532E-01
     154  0.000000000000000E+00  0.000000000000000E+00  4.970000000003532E-01
     155  0.000000000000000E+00  0.000000000000000E+00  4.970000000003532E-01
     156  0.000000000000000E+00  0.000000000000000E+00  4.970000000003532E-01
     157  0.000000000000000E+00  0.000000000000000E+00  4.970000000003532E-01
     158  0.000000000000000E+00  0.000000000000000E+00  4.970000000003532E-01
     159  0.000000000000000E+00  0.000000000000000E+00  4.970000000003532E-01
     160  0.000000000000000E+00  0.000000000000000E+00  4.970000000003532E-01
     161  0.000000000000000E+00  0.000000000000000E+00  4.970000000003532E-01
     162  0.000000000000000E+00  0.000000000000000E+00  4.970000000003532E-01
     163  0.000000000000000E+00  0.000000000000000E+00  4.970000000003532E-01
     164  0.000000000000000E+00  0.000000000000000E+00  4.970000000003532E-01
     165  0.000000000000000E+00  0.000000000000000E+00  4.970000000003532E-01
     166  0.000000000000000E+00  0.000000000000000E+00  4.970000000003532E-01
     167  0.000000000000000E+00  0.000000000000000E+00  4.970000000003532E-01
     168  0.000000000000000E+00  0.000000000000000E+00  4.970000000003532E-01
     169  0.000000000000000E+00  0.000000000000000E+00  4.970000000003532E-01
     170  0.000000000000000E+00  0.000000000000000E+00  4.970000000003532E-01
     171  0.000000000000000E+00  0.000000000000000E+00  4.970000000003532E-01
     172  0.000000000000000E+00  0.000000000000000E+00  4.970000000003532E-01
     173  0.000000000000000E+00  0.000000000000000E+00  4.970000000003532E-01
     174  0.000000000000000E+00  0.000000000000000E+00  4.970000000003532E-01
     175  0.000000000000000E+00  0.000000000000000E+00  4.970000000003532E-01
     176  0.000000000000000E+00  0.000000000000000E+00  4.970000000003532E-01
     177  0.000000000000000E+00  0.000000000000000E+00  4.970000000003532E-01
     178  0.000000000000000E+00  0.000000000000000E+00  4.970000000003532E-01
     179  0.000000000000000E+00  0.000000000000000E+00  4.970000000003532E-01
     180  0.000000000000000E+00  0.000000000000000E+00  4.970000000003532E-01
     181  0.000000000000000E+00  0.000000000000000E+00  4.970000000003532E-01
     182  0.000000000000000E+00  0.000000000000000E+00  4.970000000003532E-01
     183  0.000000000000000E+00  0.000000000000000E+00  4.970000000003532E-01
     184  0.000000000000000E+00  0.000000000000000E+00  4.970000000003532E-01
     185  0.000000000000000E+00  0.000000000000000E+00  4.970000000003532E-01
     186  0.000000000000000E+00  0.000000000000000E+00  4.970000000003532E-01
     187  0.000000000000000E+00  0.000000000000000E+00  4.970000000003532E-01
     188  0.000000000000000E+00  0.000000000000000E+00  4.970000000003532E-01
     189  0.000000000000000E+00  0.000000000000000E+00  4.970000000003532E-01
     190  0.000000000000000E+00  0.000000000000000E+00  4.970000000003532E-01
     191  0.000000000000000E+00  0.000000000000000E+00  4.970000000003532E-01
     192  0.000000000000000E+00  0.000000000000000E+00  4.970000000003532E-01
     193  0.000000000000000E+00  0.000000000000000E+00  4.970000000003532E-01
     194  0.000000000000000E+00  0.000000000000000E+00  4.970000000003532E-01
     195  0.000000000000000E+00  0.000000000000000E+00  4.970000000003532E-01
     196  0.000000000000000E+00  0.000000000000000E+00  4.970000000003532E-01
     197  0.000000000000000E+00  0.000000000000000E+00  4.970000000003532E-01
     198  0.000000000000000E+00  0.000000000000000E+00  4.970000000003532E-01
     199  0.000000000000000E+00  0.000000000000000E+00  4.970000000003532E-01
     200  0.000000000000000E+00  0.000000000000000E+00  4.970000000003532E-01
     201  0.000000000000000E+00  0.000000000000000E+00  4.970000000003532E-01
     202  0.000000000000000E+00  0.000000000000000E+00  4.970000000003532E-01
     203  0.000000000000000E+00  0.000000000000000E+00  4.970000000003532E-01
     204  0.000000000000000E+00  0.000000000000000E+00  4.970000000003532E-01
     205  0.000000000000000E+00  0.000000000000000E+00  4.970000000003532E-01
     206  0.000000000000000E+00  0.000000000000000E+00  4.970000000003532E-01
     207  0.000000000000000E+00  0.000000000000000E+00  4.970000000003532E-01
     208  0.000000000000000E+00  0.000000000000000E+00  4.970000000003532E-01
     209  0.000000000000000E+00  0.000000000000000E+00  4.970000000003532E-01
     210  0.000000000000000E+00  0.000000000000000E+00  4.970000000003532E-01
     211  0.000000000000000E+00  0.000000000000000E+00  4.970000000003532E-01
     212  0.000000000000000E+00  0.000000000000000E+00  4.970000000003532E-01
     213  0.000000000000000E+00  0.000000000000000E+00  4.970000000003532E-01
     214  0.000000000000000E+00  0.000000000000000E+00  4.970000000003532E-01
     215  0.000000000000000E+00  0.000000000000000E+00  4.970000000003532E-01
     216  0.000000000000000E+00  0.000000000000000E+00  4.970000000003532E-01
     217  0.000000000000000E+00  0.000000000000000E+00  4.970000000003532E-01
     218  0.000000000000000E+00  0.000000000000000E+00  4.970000000003532E-01
     219  0.000000000000000E+00  0.000000000000000E+00  4.970000000003532E-01
     220  0.000000000000000E+00  0.000000000000000E+00  4.970000000003532E-01
     221  0.000000000000000E+00  0.000000000000000E+00  4.970000000003532E-01
     222  0.000000000000000E+00  0.000000000000000E+00  4.970000000003532E-01
     223  0.000000000000000E+00  0.000000000000000E+00  4.970000000003532E-01
     224  0.000000000000000E+00  0.000000000000000E+00  4.970000000003532E-01
     225  0.000000000000000E+00  0.000000000000000E+00  4.970000000003532E-01
     226  0.000000000000000E+00  0.000000000000000E+00  4.970000000003532E-01
     227  0.000000000000000E+00  0.000000000000000E+00  4.970000000003532E-01
     228  0.000000000000000E+00  0.000000000000000E+00  4.970000000003532E-01
     229  0.000000000000000E+00  0.000000000000000E+00  4.970000000003532E-01
     230  0.000000000000000E+00  0.000000000000000E+00  4.970000000003532E-01
     231  0.000000000000000E+00  0.000000000000000E+00  4.970000000003532E-01
     232  0.000000000000000E+00  0.000000000000000E+00  4.970000000003532E-01
     233  0.000000000000000E+00  0.000000000000000E+00  4.970000000003532E-01
     234  0.000000000000000E+00  0.000000000000000E+00  4.970000000003532E-01
     235  0.000000000000000E+00  0.000000000000000E+00  4.970000000003532E-01
     236  0.000000000000000E+00  0.000000000000000E+00  4.970000000003532E-01
     237  0.000000000000000E+00  0.000000000000000E+00  4.970000000003532E-01
     238  0.000000000000000E+00  0.000000000000000E+00  4.970000000003532E-01
     239  0.000000000000000E+00  0.000000000000000E+00  4.970000000003532E-01
     240  0.000000000000000E+00  0.000000000000000E+00  4.970000000003532E-01
     241  0.000000000000000E+00  0.000000000000000E+00  4.970000000003532E-01
     242  0.000000000000000E+00  0.000000000000000E+00  4.970000000003532E-01
     243  0.000000000000000E+00  0.000000000000000E+00  4.970000000003532E-01
     244  0.000000000000000E+00  0.000000000000000E+00  4.970000000003532E-01
     245  0.000000000000000E+00  0.000000000000000E+00  4.970000000003532E-01
     246  0.000000000000000E+00  0.000000000000000E+00  4.970000000003532E-01
     247  0.000000000000000E+00  0.000000000000000E+00  4.970000000003532E-01
     248  0.000000000000000E+00  0.000000000000000E+00  4.970000000003532E-01
     249  0.000000000000000E+00  0.000000000000000E+00  4.970000000003532E-01
     250  0.000000000000000E+00  0.000000000000000E+00  4.970000000003532E-01
     251  0.000000000000000E+00  0.000000000000000E+00  4.970000000003532E-01
     252  0.000000000000000E+00  0.000000000000000E+00  4.970000000003532E-01
     253  0.000000000000000E+00  0.000000000000000E+00  4.970000000003532E-01
     254  0.000000000000000E+00  0.000000000000000E+00  4.970000000003532E-01
     255  0.000000000000000E+00  0.000000000000000E+00  4.970000000003532E-01
     256  0.000000000000000E+00  0.000000000000000E+00  4.970000000003532E-01
     257  0.000000000000000E+00  0.000000000000000E+00  4.970000000003532E-01
     258  0.000000000000000E+00  0.000000000000000E+00  4.970000000003532E-01
     259  0.000000000000000E+00  0.000000000000000E+00  4.970000000003532E-01
     260  0.000000000000000E+00  0.000000000000000E+00  4.970000000003532E-01
     261  0.000000000000000E+00  0.000000000000000E+00  4.970000000003532E-01
     262  0.000000000000000E+00  0.000000000000000E+00  4.970000000003532E-01
     263  0.000000000000000E+00  0.000000000000000E+00  4.970000000003532E-01
     264  0.000000000000000E+00  0.000000000000000E+00  4.970000000003532E-01
     265  0.000000000000000E+00  0.000000000000000E+00  4.970000000003532E-01
     266  0.000000000000000E+00  0.000000000000000E+00  4.970000000003532E-01
     267  0.000000000000000E+00  0.000000000000000E+00  4.970000000003532E-01
     268  0.000000000000000E+00  0.000000000000000E+00  4.970000000003532E-01
     269  0.000000000000000E+00  0.000000000000000E+00  4.970000000003532E-01
     270  0.000000000000000E+00  0.000000000000000E+00  4.970000000003532E-01
     271  0.000000000000000E+00  0.000000000000000E+00  4.970000000003532E-01
     272  0.000000000000000E+00  0.000000000000000E+00  4.970000000003532E-01
     273  0.000000000000000E+00  0.000000000000000E+00  4.970000000003532E-01
     274  0.000000000000000E+00  0.000000000000000E+00  4.970000000003532E-01
     275  0.000000000000000E+00  0.000000000000000E+00  4.970000000003532E-01
     276  0.000000000000000E+00  0.000000000000000E+00  4.970000000003532E-01
     277  0.000000000000000E+00  0.000000000000000E+00  4.970000000003532E-01
     278  0.000000000000000E+00  0.000000000000000E+00  4.970000000003532E-01
     279  0.000000000000000E+00  0.000000000000000E+00  4.970000000003532E-01
     280  0.000000000000000E+00  0.000000000000000E+00  4.970000000003532E-01
     281  0.000000000000000E+00  0.000000000000000E+00  4.970000000003532E-01
     282  0.000000000000000E+00  0.000000000000000E+00  4.970000000003532E-01
     283  0.000000000000000E+00  0.000000000000000E+00  4.970000000003532E-01
     284  0.000000000000000E+00  0.000000000000000E+00  4.970000000003532E-01
     285  0.000000000000000E+00  0.000000000000000E+00  4.970000000003532E-01
     286  0.000000000000000E+00  0.000000000000000E+00  4.970000000003532E-01
     287  0.000000000000000E+00  0.000000000000000E+00  4.970000000003532E-01
     288  0.000000000000000E+00  0.000000000000000E+00  4.970000000003532E-01
     289  0.000000000000000E+00  0.000000000000000E+00  4.970000000003532E-01
     290  0.000000000000000E+00  0.000000000000000E+00  4.970000000003532E-01
     291  0.000000000000000E+00  0.000000000000000E+00  4.970000000003532E-01
     292  0.000000000000000E+00  0.000000000000000E+00  4.970000000003532E-01
     293  0.000000000000000E+00  0.000000000000000E+00  4.970000000003532E-01
     294  0.000000000000000E+00  0.000000000000000E+00  4.970000000003532E-01
     295  0.000000000000000E+00  0.000000000000000E+00  4.970000000003532E-01
     296  0.000000000000000E+00  0.000000000000000E+00  4.970000000003532E-01
     297  0.000000000000000E+00  0.000000000000000E+00  4.970000000003532E-01
     298  0.000000000000000E+00  0.000000000000000E+00  4.970000000003532E-01
     299  0.000000000000000E+00  0.000000000000000E+00  4.970000000003532E-01
     300  0.000000000000000E+00  0.000000000000000E+00  4.970000000003532E-01
     301  0.000000000000000E+00  0.000000000000000E+00  4.970000000003532E-01
     302  0.000000000000000E+00  0.000000000000000E+00  4.970000000003532E-01
     303  0.000000000000000E+00  0.000000000000000E+00  4.970000000003532E-01
     304  0.000000000000000E+00  0.000000000000000E+00  4.970000000003532E-01
     305  0.000000000000000E+00  0.000000000000000E+00  4.970000000003532E-01
     306  0.000000000000000E+00  0.000000000000000E+00  4.970000000003532E-01
     307  0.000000000000000E+00  0.000000000000000E+00  4.970000000003532E-01
     308  0.000000000000000E+00  0.000000000000000E+00  4.970000000003532E-01
     309  0.000000000000000E+00  0.000000000000000E+00  4.970000000003532E-01
     310  0.000000000000000E+00  0.000000000000000E+00  4.970000000003532E-01
     311  0.000000000000000E+00  0.000000000000000E+00  4.970000000003532E-01
     312  0.000000000000000E+00  0.000000000000000E+00  4.970000000003532E-01
     313  0.000000000000000E+00  0.000000000000000E+00  4.970000000003532E-01
     314  0.000000000000000E+00  0.000000000000000E+00  4.970000000003532E-01
     315  0.000000000000000E+00  0.000000000000000E+00  4.970000000003532E-01
     316  0.000000000000000E+00  0.000000000000000E+00  4.970000000003532E-01
     317  0.000000000000000E+00  0.000000000000000E+00  4.970000000003532E-01
     318  0.000000000000000E+00  0.000000000000000E+00  4.970000000003532E-01
     319  0.000000000000000E+00  0.000000000000000E+00  4.970000000003532E-01
     320  0.000000000000000E+00  0.000000000000000E+00  4.970000000003532E-01
     321  0.000000000000000E+00  0.000000000000000E+00  4.970000000003532E-01
     322  0.000000000000000E+00  0.000000000000000E+00  4.970000000003532E-01
     323  0.000000000000000E+00  0.000000000000000E+00  4.970000000003532E-01
     324  0.000000000000000E+00  0.000000000000000E+00  4.970000000003532E-01
     325  0.000000000000000E+00  0.000000000000000E+00  4.970000000003532E-01
     326  0.000000000000000E+00  0.000000000000000E+00  4.970000000003532E-01
     327  0.000000000000000E+00  0.000000000000000E+00  4.970000000003532E-01
     328  0.000000000000000E+00  0.000000000000000E+00  4.970000000003532E-01
     329  0.000000000000000E+00  0.000000000000000E+00  4.970000000003532E-01
     330  0.000000000000000E+00  0.000000000000000E+00  4.970000000003532E-01
     331  0.000000000000000E+00  0.000000000000000E+00  4.970000000003532E-01
     332  0.000000000000000E+00  0.000000000000000E+00  4.970000000003532E-01
     333  0.000000000000000E+00  0.000000000000000E+00  4.970000000003532E-01
     334  0.000000000000000E+00  0.000000000000000E+00  4.970000000003532E-01
     335  0.000000000000000E+00  0.000000000000000E+00  4.970000000003532E-01
     336  0.000000000000000E+00  0.000000000000000E+00  4.970000000003532E-01
     337  0.000000000000000E+00  0.000000000000000E+00  4.970000000003532E-01
     338  0.000000000000000E+00  0.000000000000000E+00  4.970000000003532E-01
     339  0.000000000000000E+00  0.000000000000000E+00  4.970000000003532E-01
     340  0.000000000000000E+00  0.000000000000000E+00  4.970000000003532E-01
     341  0.000000000000000E+00  0.000000000000000E+00  4.970000000003532E-01
     342  0.000000000000000E+00  0.000000000000000E+00  4.970000000003532E-01
     343  0.000000000000000E+00  0.000000000000000E+00  4.970000000003532E-01
     344  0.000000000000000E+00  0.000000000000000E+00  4.970000000003532E-01
     345  0.000000000000000E+00  0.000000000000000E+00  4.970000000003532E-01
     346  0.000000000000000E+00  0.000000000000000E+00  4.970000000003532E-01
     347  0.000000000000000E+00  0.000000000000000E+00  4.970000000003532E-01
     348  0.000000000000000E+00  0.000000000000000E+00  4.970000000003532E-01
     349  0.000000000000000E+00  0.000000000000000E+00  4.970000000003532E-01
     350  0.000000000000000E+00  0.000000000000000E+00  4.970000000003532E-01
     351  0.000000000000000E+00  0.000000000000000E+00  4.970000000003532E-01
     352  0.000000000000000E+00  0.000000000000000E+00  4.970000000003532E-01
     353  0.000000000000000E+00  0.000000000000000E+00  4.970000000003532E-01
     354  0.000000000000000E+00  0.000000000000000E+00  4.970000000003532E-01
     355  0.000000000000000E+00  0.000000000000000E+00  4.970000000003532E-01
     356  0.000000000000000E+00  0.000000000000000E+00  4.970000000003532E-01
     357  0.000000000000000E+00  0.000000000000000E+00  4.970000000003532E-01
     358  0.000000000000000E+00  0.000000000000000E+00  4.970000000003532E-01
     359  0.000000000000000E+00  0.000000000000000E+00  4.970000000003532E-01
     360  0.000000000000000E+00  0.000000000000000E+00  4.970000000003532E-01
     361  0.000000000000000E+00  0.000000000000000E+00  4.970000000003532E-01
     362  0.000000000000000E+00  0.000000000000000E+00  4.970000000003532E-01
     363  0.000000000000000E+00  0.000000000000000E+00  4.970000000003532E-01
     364  0.000000000000000E+00  0.000000000000000E+00  4.970000000003532E-01
     365  0.000000000000000E+00  0.000000000000000E+00  4.970000000003532E-01
     366  0.000000000000000E+00  0.000000000000000E+00  4.970000000003532E-01
     367  0.000000000000000E+00  0.000000000000000E+00  4.970000000003532E-01
     368  0.000000000000000E+00  0.000000000000000E+00  4.970000000003532E-01
     369  0.000000000000000E+00  0.000000000000000E+00  4.970000000003532E-01
     370  0.000000000000000E+00  0.000000000000000E+00  4.970000000003532E-01
     371  0.000000000000000E+00  0.000000000000000E+00  4.970000000003532E-01
     372  0.000000000000000E+00  0.000000000000000E+00  4.970000000003532E-01
     373  0.000000000000000E+00  0.000000000000000E+00  4.970000000003532E-01
     374  0.000000000000000E+00  0.000000000000000E+00  4.970000000003532E-01
     375  0.000000000000000E+00  0.000000000000000E+00  4.970000000003532E-01
     376  0.000000000000000E+00  0.000000000000000E+00  4.970000000003532E-01
     377  0.000000000000000E+00  0.000000000000000E+00  4.970000000003532E-01
     378  0.000000000000000E+00  0.000000000000000E+00  4.970000000003532E-01
     379  0.000000000000000E+00  0.000000000000000E+00  4.970000000003532E-01
     380  0.000000000000000E+00  0.000000000000000E+00  4.970000000003532E-01
     381  0.000000000000000E+00  0.000000000000000E+00  4.970000000003532E-01
     382  0.000000000000000E+00  0.000000000000000E+00  4.970000000003532E-01
     383  0.000000000000000E+00  0.000000000000000E+00  4.970000000003532E-01
     384  0.000000000000000E+00  0.000000000000000E+00  4.970000000003532E-01
     385  0.000000000000000E+00  0.000000000000000E+00  4.970000000003532E-01
     386  0.000000000000000E+00  0.000000000000000E+00  4.970000000003532E-01
     387  0.000000000000000E+00  0.000000000000000E+00  4.970000000003532E-01
     388  0.000000000000000E+00  0.000000000000000E+00  4.970000000003532E-01
     389  0.000000000000000E+00  0.000000000000000E+00  4.970000000003532E-01
     390  0.000000000000000E+00  0.000000000000000E+00  4.970000000003532E-01
     391  0.000000000000000E+00  0.000000000000000E+00  4.970000000003532E-01
     392  0.000000000000000E+00  0.000000000000000E+00  4.970000000003532E-01
     393  0.000000000000000E+00  0.000000000000000E+00  4.970000000003532E-01
     394  0.000000000000000E+00  0.000000000000000E+00  4.970000000003532E-01
     395  0.000000000000000E+00  0.000000000000000E+00  4.970000000003532E-01
     396  0.000000000000000E+00  0.000000000000000E+00  4.970000000003532E-01
     397  0.000000000000000E+00  0.000000000000000E+00  4.970000000003532E-01
     398  0.000000000000000E+00  0.000000000000000E+00  4.970000000003532E-01
     399  0.000000000000000E+00  0.000000000000000E+00  4.970000000003532E-01
     400  0.000000000000000E+00  0.000000000000000E+00  4.970000000003532E-01
     401  0.000000000000000E+00  0.000000000000000E+00  4.970000000003532E-01
     402  0.000000000000000E+00  0.000000000000000E+00  4.970000000003532E-01
     403  0.000000000000000E+00  0.000000000000000E+00  4.970000000003532E-01
     404  0.000000000000000E+00  0.000000000000000E+00  4.970000000003532E-01
     405  0.000000000000000E+00  0.000000000000000E+00  4.970000000003532E-01
     406  0.000000000000000E+00  0.000000000000000E+00  4.970000000003532E-01
     407  0.000000000000000E+00  0.000000000000000E+00  4.970000000003532E-01
     408  0.000000000000000E+00  0.000000000000000E+00  4.970000000003532E-01
     409  0.000000000000000E+00  0.000000000000000E+00  4.970000000003532E-01
     410  0.000000000000000E+00  0.000000000000000E+00  4.970000000003532E-01
     411  0.000000000000000E+00  0.000000000000000E+00  4.970000000003532E-01
     412  0.000000000000000E+00  0.000000000000000E+00  4.970000000003532E-01
     413  0.000000000000000E+00  0.000000000000000E+00  4.970000000003532E-01
     414  0.000000000000000E+00  0.000000000000000E+00  4.970000000003532E-01
     415  0.000000000000000E+00  0.000000000000000E+00  4.970000000003532E-01
     416  0.000000000000000E+00  0.000000000000000E+00  4.970000000003532E-01
     417  0.000000000000000E+00  0.000000000000000E+00  4.970000000003532E-01
     418  0.000000000000000E+00  0.000000000000000E+00  4.970000000003532E-01
     419  0.000000000000000E+00  0.000000000000000E+00  4.970000000003532E-01
     420  0.000000000000000E+00  0.000000000000000E+00  4.970000000003532E-01
     421  0.000000000000000E+00  0.000000000000000E+00  4.970000000003532E-01
     422  0.000000000000000E+00  0.000000000000000E+00  4.970000000003532E-01
     423  0.000000000000000E+00  0.000000000000000E+00  4.970000000003532E-01
     424  0.000000000000000E+00  0.000000000000000E+00  4.970000000003532E-01
     425  0.000000000000000E+00  0.000000000000000E+00  4.970000000003532E-01
     426  0.000000000000000E+00  0.000000000000000E+00  4.970000000003532E-01
     427  0.000000000000000E+00  0.000000000000000E+00  4.970000000003532E-01
     428  0.000000000000000E+00  0.000000000000000E+00  4.970000000003532E-01
     429  0.000000000000000E+00  0.000000000000000E+00  4.970000000003532E-01
     430  0.000000000000000E+00  0.000000000000000E+00  4.970000000003532E-01
     431  0.000000000000000E+00  0.000000000000000E+00  4.970000000003532E-01
     432  0.000000000000000E+00  0.000000000000000E+00  4.970000000003532E-01
     433  0.000000000000000E+00  0.000000000000000E+00  4.970000000003532E-01
     434  0.000000000000000E+00  0.000000000000000E+00  4.970000000003532E-01
     435  0.000000000000000E+00  0.000000000000000E+00  4.970000000003532E-01
     436  0.000000000000000E+00  0.000000000000000E+00  4.970000000003532E-01
     437  0.000000000000000E+00  0.000000000000000E+00  4.970000000003532E-01
     438  0.000000000000000E+00  0.000000000000000E+00  4.970000000003532E-01
     439  0.000000000000000E+00  0.000000000000000E+00  4.970000000003532E-01
     440  0.000000000000000E+00  0.000000000000000E+00  4.970000000003532E-01
     441  0.000000000000000E+00  0.000000000000000E+00  4.970000000003532E-01
     442  0.000000000000000E+00  0.000000000000000E+00  4.970000000003532E-01
     443  0.000000000000000E+00  0.000000000000000E+00  4.970000000003532E-01
     444  0.000000000000000E+00  0.000000000000000E+00  4.970000000003532E-01
     445  0.000000000000000E+00  0.000000000000000E+00  4.970000000003532E-01
     446  0.000000000000000E+00  0.000000000000000E+00  4.970000000003532E-01
     447  0.000000000000000E+00  0.000000000000000E+00  4.970000000003532E-01
     448  0.000000000000000E+00  0.000000000000000E+00  4.970000000003532E-01
     449  0.000000000000000E+00  0.000000000000000E+00  4.970000000003532E-01
     450  0.000000000000000E+00  0.000000000000000E+00  4.970000000003532E-01
     451  0.000000000000000E+00  0.000000000000000E+00  4.970000000003532E-01
     452  0.000000000000000E+00  0.000000000000000E+00  4.970000000003532E-01
     453  0.000000000000000E+00  0.000000000000000E+00  4.970000000003532E-01
     454  0.000000000000000E+00  0.000000000000000E+00  4.970000000003532E-01
     455  0.000000000000000E+00  0.000000000000000E+00  4.970000000003532E-01
     456  0.000000000000000E+00  0.000000000000000E+00  4.970000000003532E-01
     457  0.000000000000000E+00  0.000000000000000E+00  4.970000000003532E-01
     458  0.000000000000000E+00  0.000000000000000E+00  4.970000000003532E-01
     459  0.000000000000000E+00  0.000000000000000E+00  4.970000000003532E-01
     460  0.000000000000000E+00  0.000000000000000E+00  4.970000000003532E-01
     461  0.000000000000000E+00  0.000000000000000E+00  4.970000000003532E-01
     462  0.000000000000000E+00  0.000000000000000E+00  4.970000000003532E-01
     463  0.000000000000000E+00  0.000000000000000E+00  4.970000000003532E-01
     464  0.000000000000000E+00  0.000000000000000E+00  4.970000000003532E-01
     465  0.000000000000000E+00  0.000000000000000E+00  4.970000000003532E-01
     466  0.000000000000000E+00  0.000000000000000E+00  4.970000000003532E-01
     467  0.000000000000000E+00  0.000000000000000E+00  4.970000000003532E-01
     468  0.000000000000000E+00  0.000000000000000E+00  4.970000000003532E-01
     469  0.000000000000000E+00  0.000000000000000E+00  4.970000000003532E-01
     470  0.000000000000000E+00  0.000000000000000E+00  4.970000000003532E-01
     471  0.000000000000000E+00  0.000000000000000E+00  4.970000000003532E-01
     472  0.000000000000000E+00  0.000000000000000E+00  4.970000000003532E-01
     473  0.000000000000000E+00  0.000000000000000E+00  4.970000000003532E-01
     474  0.000000000000000E+00  0.000000000000000E+00  4.970000000003532E-01
     475  0.000000000000000E+00  0.000000000000000E+00  4.970000000003532E-01
     476  0.000000000000000E+00  0.000000000000000E+00  4.970000000003532E-01
     477  0.000000000000000E+00  0.000000000000000E+00  4.970000000003532E-01
     478  0.000000000000000E+00  0.000000000000000E+00  4.970000000003532E-01
     479  0.000000000000000E+00  0.000000000000000E+00  4.970000000003532E-01
     480  0.000000000000000E+00  0.000000000000000E+00  4.970000000003532E-01
     481  0.000000000000000E+00  0.000000000000000E+00  4.970000000003532E-01
     482  0.000000000000000E+00  0.000000000000000E+00  4.970000000003532E-01
     483  0.000000000000000E+00  0.000000000000000E+00  4.970000000003532E-01
     484  0.000000000000000E+00  0.000000000000000E+00  4.970000000003532E-01
     485  0.000000000000000E+00  0.000000000000000E+00  4.970000000003532E-01
     486  0.000000000000000E+00  0.000000000000000E+00  4.970000000003532E-01
     487  0.000000000000000E+00  0.000000000000000E+00  4.970000000003532E-01
     488  0.000000000000000E+00  0.000000000000000E+00  4.970000000003532E-01
     489  0.000000000000000E+00  0.000000000000000E+00  4.970000000003532E-01
     490  0.000000000000000E+00  0.000000000000000E+00  4.970000000003532E-01
     491  0.000000000000000E+00  0.000000000000000E+00  4.970000000003532E-01
     492  0.000000000000000E+00  0.000000000000000E+00  4.970000000003532E-01
     493  0.000000000000000E+00  0.000000000000000E+00  4.970000000003532E-01
     494  0.000000000000000E+00  0.000000000000000E+00  4.970000000003532E-01
     495  0.000000000000000E+00  0.000000000000000E+00  4.970000000003532E-01
     496  0.000000000000000E+00  0.000000000000000E+00  4.970000000003532E-01
     497  0.000000000000000E+00  0.000000000000000E+00  4.970000000003532E-01
     498  0.000000000000000E+00  0.000000000000000E+00  4.970000000003532E-01
     499  0.000000000000000E+00  0.000000000000000E+00  4.970000000003532E-01
     500  0.000000000000000E+00  0.000000000000000E+00  4.970000000003532E-01
     501  0.000000000000000E+00  0.000000000000000E+00  4.970000000003532E-01
     502  0.000000000000000E+00  0.000000000000000E+00  4.970000000003532E-01
     503  0.000000000000000E+00  0.000000000000000E+00  4.970000000003532E-01
     504  0.000000000000000E+00  0.000000000000000E+00  4.970000000003532E-01
     505  0.000000000000000E+00  0.000000000000000E+00  4.970000000003532E-01
     506  0.000000000000000E+00  0.000000000000000E+00  4.970000000003532E-01
     507  0.000000000000000E+00  0.000000000000000E+00  4.970000000003532E-01
     508  0.000000000000000E+00  0.000000000000000E+00  4.970000000003532E-01
     509  0.000000000000000E+00  0.000000000000000E+00  4.970000000003532E-01
     510  0.000000000000000E+00  0.000000000000000E+00  4.970000000003532E-01
     511  0.000000000000000E+00  0.000000000000000E+00  4.970000000003532E-01
     512  0.000000000000000E+00  0.000000000000000E+00  4.970000000003532E-01
     513  0.000000000000000E+00  0.000000000000000E+00  4.970000000003532E-01
     514  0.000000000000000E+00  0.000000000000000E+00  4.970000000003532E-01
     515  0.000000000000000E+00  0.000000000000000E+00  4.970000000003532E-01
     516  0.000000000000000E+00  0.000000000000000E+00  4.970000000003532E-01
     517  0.000000000000000E+00  0.000000000000000E+00  4.970000000003532E-01
     518  0.000000000000000E+00  0.000000000000000E+00  4.970000000003532E-01
     519  0.000000000000000E+00  0.000000000000000E+00  4.970000000003532E-01
     520  0.000000000000000E+00  0.000000000000000E+00  4.970000000003532E-01
     521  0.000000000000000E+00  0.000000000000000E+00  4.970000000003532E-01
     522  0.000000000000000E+00  0.000000000000000E+00  4.970000000003532E-01
     523  0.000000000000000E+00  0.000000000000000E+00  4.970000000003532E-01
     524  0.000000000000000E+00  0.000000000000000E+00  4.970000000003532E-01
     525  0.000000000000000E+00  0.000000000000000E+00  4.970000000003532E-01
     526  0.000000000000000E+00  0.000000000000000E+00  4.970000000003532E-01
     527  0.000000000000000E+00  0.000000000000000E+00  4.970000000003532E-01
     528  0.000000000000000E+00  0.000000000000000E+00  4.970000000003532E-01
     529  0.000000000000000E+00  0.000000000000000E+00  4.970000000003532E-01
     530  0.000000000000000E+00  0.000000000000000E+00  4.970000000003532E-01
     531  0.000000000000000E+00  0.000000000000000E+00  4.970000000003532E-01
     532  0.000000000000000E+00  0.000000000000000E+00  4.970000000003532E-01
     533  0.000000000000000E+00  0.000000000000000E+00  4.970000000003532E-01
     534  0.000000000000000E+00  0.000000000000000E+00  4.970000000003532E-01
     535  0.000000000000000E+00  0.000000000000000E+00  4.970000000003532E-01
     536  0.000000000000000E+00  0.000000000000000E+00  4.970000000003532E-01
     537  0.000000000000000E+00  0.000000000000000E+00  4.970000000003532E-01
     538  0.000000000000000E+00  0.000000000000000E+00  4.970000000003532E-01
     539  0.000000000000000E+00  0.000000000000000E+00  4.970000000003532E-01
     540  0.000000000000000E+00  0.000000000000000E+00  4.970000000003532E-01
     541  0.000000000000000E+00  0.000000000000000E+00  4.970000000003532E-01
     542  0.000000000000000E+00  0.000000000000000E+00  4.970000000003532E-01
     543  0.000000000000000E+00  0.000000000000000E+00  4.970000000003532E-01
     544  0.000000000000000E+00  0.000000000000000E+00  4.970000000003532E-01
     545  0.000000000000000E+00  0.000000000000000E+00  4.970000000003532E-01
     546  0.000000000000000E+00  0.000000000000000E+00  4.970000000003532E-01
     547  0.000000000000000E+00  0.000000000000000E+00  4.970000000003532E-01
     548  0.000000000000000E+00  0.000000000000000E+00  4.970000000003532E-01
     549  0.000000000000000E+00  0.000000000000000E+00  4.970000000003532E-01
     550  0.000000000000000E+00  0.000000000000000E+00  4.970000000003532E-01
     551  0.000000000000000E+00  0.000000000000000E+00  4.970000000003532E-01
     552  0.000000000000000E+00  0.000000000000000E+00  4.970000000003532E-01
     553  0.000000000000000E+00  0.000000000000000E+00  4.970000000003532E-01
     554  0.000000000000000E+00  0.000000000000000E+00  4.970000000003532E-01
     555  0.000000000000000E+00  0.000000000000000E+00  4.970000000003532E-01
     556  0.000000000000000E+00  0.000000000000000E+00  4.970000000003532E-01
     557  0.000000000000000E+00  0.000000000000000E+00  4.970000000003532E-01
     558  0.000000000000000E+00  0.000000000000000E+00  4.970000000003532E-01
     559  0.000000000000000E+00  0.000000000000000E+00  4.970000000003532E-01
     560  0.000000000000000E+00  0.000000000000000E+00  4.970000000003532E-01
     561  0.000000000000000E+00  0.000000000000000E+00  4.970000000003532E-01
     562  0.000000000000000E+00  0.000000000000000E+00  4.970000000003532E-01
     563  0.000000000000000E+00  0.000000000000000E+00  4.970000000003532E-01
     564  0.000000000000000E+00  0.000000000000000E+00  4.970000000003532E-01
     565  0.000000000000000E+00  0.000000000000000E+00  4.970000000003532E-01
     566  0.000000000000000E+00  0.000000000000000E+00  4.970000000003532E-01
     567  0.000000000000000E+00  0.000000000000000E+00  4.970000000003532E-01
     568  0.000000000000000E+00  0.000000000000000E+00  4.970000000003532E-01
     569  0.000000000000000E+00  0.000000000000000E+00  4.970000000003532E-01
     570  0.000000000000000E+00  0.000000000000000E+00  4.970000000003532E-01
     571  0.000000000000000E+00  0.000000000000000E+00  4.970000000003532E-01
     572  0.000000000000000E+00  0.000000000000000E+00  4.970000000003532E-01
     573  0.000000000000000E+00  0.000000000000000E+00  4.970000000003532E-01
     574  0.000000000000000E+00  0.000000000000000E+00  4.970000000003532E-01
     575  0.000000000000000E+00  0.000000000000000E+00  4.970000000003532E-01
     576  0.000000000000000E+00  0.000000000000000E+00  4.970000000003532E-01
     577  0.000000000000000E+00  0.000000000000000E+00  4.970000000003532E-01
     578  0.000000000000000E+00  0.000000000000000E+00  4.970000000003532E-01
     579  0.000000000000000E+00  0.000000000000000E+00  4.970000000003532E-01
     580  0.000000000000000E+00  0.000000000000000E+00  4.970000000003532E-01
     581  0.000000000000000E+00  0.000000000000000E+00  4.970000000003532E-01
     582  0.000000000000000E+00  0.000000000000000E+00  4.970000000003532E-01
     583  0.000000000000000E+00  0.000000000000000E+00  4.970000000003532E-01
     584  0.000000000000000E+00  0.000000000000000E+00  4.970000000003532E-01
     585  0.000000000000000E+00  0.000000000000000E+00  4.970000000003532E-01
     586  0.000000000000000E+00  0.000000000000000E+00  4.970000000003532E-01
     587  0.000000000000000E+00  0.000000000000000E+00  4.970000000003532E-01
     588  0.000000000000000E+00  0.000000000000000E+00  4.970000000003532E-01
     589  0.000000000000000E+00  0.000000000000000E+00  4.970000000003532E-01
     590  0.000000000000000E+00  0.000000000000000E+00  4.970000000003532E-01
     591  0.000000000000000E+00  0.000000000000000E+00  4.970000000003532E-01
     592  0.000000000000000E+00  0.000000000000000E+00  4.970000000003532E-01
     593  0.000000000000000E+00  0.000000000000000E+00  4.970000000003532E-01
     594  0.000000000000000E+00  0.000000000000000E+00  4.970000000003532E-01
     595  0.000000000000000E+00  0.000000000000000E+00  4.970000000003532E-01
     596  0.000000000000000E+00  0.000000000000000E+00  4.970000000003532E-01
     597  0.000000000000000E+00  0.000000000000000E+00  4.970000000003532E-01
     598  0.000000000000000E+00  0.000000000000000E+00  4.970000000003532E-01
     599  0.000000000000000E+00  0.000000000000000E+00  4.970000000003532E-01
     600  0.000000000000000E+00  0.000000000000000E+00  4.970000000003532E-01
     601  0.000000000000000E+00  0.000000000000000E+00  4.970000000003532E-01
     602  0.000000000000000E+00  0.000000000000000E+00  4.970000000003532E-01
     603  0.000000000000000E+00  0.000000000000000E+00  4.970000000003532E-01
     604  0.000000000000000E+00  0.000000000000000E+00  4.970000000003532E-01
     605  0.000000000000000E+00  0.000000000000000E+00  4.970000000003532E-01
     606  0.000000000000000E+00  0.000000000000000E+00  4.970000000003532E-01
     607  0.000000000000000E+00  0.000000000000000E+00  4.970000000003532E-01
     608  0.000000000000000E+00  0.000000000000000E+00  4.970000000003532E-01
     609  0.000000000000000E+00  0.000000000000000E+00  4.970000000003532E-01
     610  0.000000000000000E+00  0.000000000000000E+00  4.970000000003532E-01
     611  0.000000000000000E+00  0.000000000000000E+00  4.970000000003532E-01
     612  0.000000000000000E+00  0.000000000000000E+00  4.970000000003532E-01
     613  0.000000000000000E+00  0.000000000000000E+00  4.970000000003532E-01
     614  0.000000000000000E+00  0.000000000000000E+00  4.970000000003532E-01
     615  0.000000000000000E+00  0.000000000000000E+00  4.970000000003532E-01
     616  0.000000000000000E+00  0.000000000000000E+00  4.970000000003532E-01
     617  0.000000000000000E+00  0.000000000000000E+00  4.970000000003532E-01
     618  0.000000000000000E+00  0.000000000000000E+00  4.970000000003532E-01
     619  0.000000000000000E+00  0.000000000000000E+00  4.970000000003532E-01
     620  0.000000000000000E+00  0.000000000000000E+00  4.970000000003532E-01
     621  0.000000000000000E+00  0.000000000000000E+00  4.970000000003532E-01
     622  0.000000000000000E+00  0.000000000000000E+00  4.970000000003532E-01
     623  0.000000000000000E+00  0.000000000000000E+00  4.970000000003532E-01
     624  0.000000000000000E+00  0.000000000000000E+00  4.970000000003532E-01
     625  0.000000000000000E+00  0.000000000000000E+00  4.970000000003532E-01
     626  0.000000000000000E+00  0.000000000000000E+00  4.970000000003532E-01
     627  0.000000000000000E+00  0.000000000000000E+00  4.970000000003532E-01
     628  0.000000000000000E+00  0.000000000000000E+00  4.970000000003532E-01
     629  0.000000000000000E+00  0.000000000000000E+00  4.970000000003532E-01
     630  0.000000000000000E+00  0.000000000000000E+00  4.970000000003532E-01
     631  0.000000000000000E+00  0.000000000000000E+00  4.970000000003532E-01
     632  0.000000000000000E+00  0.000000000000000E+00  4.970000000003532E-01
     633  0.000000000000000E+00  0.000000000000000E+00  4.970000000003532E-01
     634  0.000000000000000E+00  0.000000000000000E+00  4.970000000003532E-01
     635  0.000000000000000E+00  0.000000000000000E+00  4.970000000003532E-01
     636  0.000000000000000E+00  0.000000000000000E+00  4.970000000003532E-01
     637  0.000000000000000E+00  0.000000000000000E+00  4.970000000003532E-01
     638  0.000000000000000E+00  0.000000000000000E+00  4.970000000003532E-01
     639  0.000000000000000E+00  0.000000000000000E+00  4.970000000003532E-01
     640  0.000000000000000E+00  0.000000000000000E+00  4.970000000003532E-01
     641  0.000000000000000E+00  0.000000000000000E+00  4.970000000003532E-01
     642  0.000000000000000E+00  0.000000000000000E+00  4.970000000003532E-01
     643  0.000000000000000E+00  0.000000000000000E+00  4.970000000003532E-01
     644  0.000000000000000E+00  0.000000000000000E+00  4.970000000003532E-01
     645  0.000000000000000E+00  0.000000000000000E+00  4.970000000003532E-01
     646  0.000000000000000E+00  0.000000000000000E+00  4.970000000003532E-01
     647  0.000000000000000E+00  0.000000000000000E+00  4.970000000003532E-01
     648  0.000000000000000E+00  0.000000000000000E+00  4.970000000003532E-01
     649  0.000000000000000E+00  0.000000000000000E+00  4.970000000003532E-01
     650  0.000000000000000E+00  0.000000000000000E+00  4.970000000003532E-01
     651  0.000000000000000E+00  0.000000000000000E+00  4.970000000003532E-01
     652  0.000000000000000E+00  0.000000000000000E+00  4.970000000003532E-01
     653  0.000000000000000E+00  0.000000000000000E+00  4.970000000003532E-01
     654  0.000000000000000E+00  0.000000000000000E+00  4.970000000003532E-01
     655  0.000000000000000E+00  0.000000000000000E+00  4.970000000003532E-01
     656  0.000000000000000E+00  0.000000000000000E+00  4.970000000003532E-01
     657  0.000000000000000E+00  0.000000000000000E+00  4.970000000003532E-01
     658  0.000000000000000E+00  0.000000000000000E+00  4.970000000003532E-01
     659  0.000000000000000E+00  0.000000000000000E+00  4.970000000003532E-01
     660  0.000000000000000E+00  0.000000000000000E+00  4.970000000003532E-01
     661  0.000000000000000E+00  0.000000000000000E+00  4.970000000003532E-01
     662  0.000000000000000E+00  0.000000000000000E+00  4.970000000003532E-01
     663  0.000000000000000E+00  0.000000000000000E+00  4.970000000003532E-01
     664  0.000000000000000E+00  0.000000000000000E+00  4.970000000003532E-01
     665  0.000000000000000E+00  0.000000000000000E+00  4.970000000003532E-01
     666  0.000000000000000E+00  0.000000000000000E+00  4.970000000003532E-01
     667  0.000000000000000E+00  0.000000000000000E+00  4.970000000003532E-01
     668  0.000000000000000E+00  0.000000000000000E+00  4.970000000003532E-01
     669  0.000000000000000E+00  0.000000000000000E+00  4.970000000003532E-01
     670  0.000000000000000E+00  0.000000000000000E+00  4.970000000003532E-01
     671  0.000000000000000E+00  0.000000000000000E+00  4.970000000003532E-01
     672  0.000000000000000E+00  0.000000000000000E+00  4.970000000003532E-01
     673  0.000000000000000E+00  0.000000000000000E+00  4.970000000003532E-01
     674  0.000000000000000E+00  0.000000000000000E+00  4.970000000003532E-01
     675  0.000000000000000E+00  0.000000000000000E+00  4.970000000003532E-01
     676  0.000000000000000E+00  0.000000000000000E+00  4.970000000003532E-01
     677  0.000000000000000E+00  0.000000000000000E+00  4.970000000003532E-01
     678  0.000000000000000E+00  0.000000000000000E+00  4.970000000003532E-01
     679  0.000000000000000E+00  0.000000000000000E+00  4.970000000003532E-01
     680  0.000000000000000E+00  0.000000000000000E+00  4.970000000003532E-01
     681  0.000000000000000E+00  0.000000000000000E+00  4.970000000003532E-01
     682  0.000000000000000E+00  0.000000000000000E+00  4.970000000003532E-01
     683  0.000000000000000E+00  0.000000000000000E+00  4.970000000003532E-01
     684  0.000000000000000E+00  0.000000000000000E+00  4.970000000003532E-01
     685  0.000000000000000E+00  0.000000000000000E+00  4.970000000003532E-01
     686  0.000000000000000E+00  0.000000000000000E+00  4.970000000003532E-01
     687  0.000000000000000E+00  0.000000000000000E+00  4.970000000003532E-01
     688  0.000000000000000E+00  0.000000000000000E+00  4.970000000003532E-01
     689  0.000000000000000E+00  0.000000000000000E+00  4.970000000003532E-01
     690  0.000000000000000E+00  0.000000000000000E+00  4.970000000003532E-01
     691  0.000000000000000E+00  0.000000000000000E+00  4.970000000003532E-01
     692  0.000000000000000E+00  0.000000000000000E+00  4.970000000003532E-01
     693  0.000000000000000E+00  0.000000000000000E+00  4.970000000003532E-01
     694  0.000000000000000E+00  0.000000000000000E+00  4.970000000003532E-01
     695  0.000000000000000E+00  0.000000000000000E+00  4.970000000003532E-01
     696  0.000000000000000E+00  0.000000000000000E+00  4.970000000003532E-01
     697  0.000000000000000E+00  0.000000000000000E+00  4.970000000003532E-01
     698  0.000000000000000E+00  0.000000000000000E+00  4.970000000003532E-01
     699  0.000000000000000E+00  0.000000000000000E+00  4.970000000003532E-01
     700  0.000000000000000E+00  0.000000000000000E+00  4.970000000003532E-01
     701  0.000000000000000E+00  0.000000000000000E+00  4.970000000003532E-01
     702  0.000000000000000E+00  0.000000000000000E+00  4.970000000003532E-01
     703  0.000000000000000E+00  0.000000000000000E+00  4.970000000003532E-01
     704  0.000000000000000E+00  0.000000000000000E+00  4.970000000003532E-01
     705  0.000000000000000E+00  0.000000000000000E+00  4.970000000003532E-01
     706  0.000000000000000E+00  0.000000000000000E+00  4.970000000003532E-01
     707  0.000000000000000E+00  0.000000000000000E+00  4.970000000003532E-01
     708  0.000000000000000E+00  0.000000000000000E+00  4.970000000003532E-01
     709  0.000000000000000E+00  0.000000000000000E+00  4.970000000003532E-01
     710  0.000000000000000E+00  0.000000000000000E+00  4.970000000003532E-01
     711  0.000000000000000E+00  0.000000000000000E+00  4.970000000003532E-01
     712  0.000000000000000E+00  0.000000000000000E+00  4.970000000003532E-01
     713  0.000000000000000E+00  0.000000000000000E+00  4.970000000003532E-01
     714  0.000000000000000E+00  0.000000000000000E+00  4.970000000003532E-01
     715  0.000000000000000E+00  0.000000000000000E+00  4.970000000003532E-01
     716  0.000000000000000E+00  0.000000000000000E+00  4.970000000003532E-01
     717  0.000000000000000E+00  0.000000000000000E+00  4.970000000003532E-01
     718  0.000000000000000E+00  0.000000000000000E+00  4.970000000003532E-01
     719  0.000000000000000E+00  0.000000000000000E+00  4.970000000003532E-01
     720  0.000000000000000E+00  0.000000000000000E+00  4.970000000003532E-01
     721  0.000000000000000E+00  0.000000000000000E+00  4.970000000003532E-01
     722  0.000000000000000E+00  0.000000000000000E+00  4.970000000003532E-01
     723  0.000000000000000E+00  0.000000000000000E+00  4.970000000003532E-01
     724  0.000000000000000E+00  0.000000000000000E+00  4.970000000003532E-01
     725  0.000000000000000E+00  0.000000000000000E+00  4.970000000003532E-01
     726  0.000000000000000E+00  0.000000000000000E+00  4.970000000003532E-01
     727  0.000000000000000E+00  0.000000000000000E+00  4.970000000003532E-01
     728  0.000000000000000E+00  0.000000000000000E+00  4.970000000003532E-01
     729  0.000000000000000E+00  0.000000000000000E+00  4.970000000003532E-01
     730  0.000000000000000E+00  0.000000000000000E+00  4.970000000003532E-01
     731  0.000000000000000E+00  0.000000000000000E+00  4.970000000003532E-01
     732  0.000000000000000E+00  0.000000000000000E+00  4.970000000003532E-01
     733  0.000000000000000E+00  0.000000000000000E+00  4.970000000003532E-01
     734  0.000000000000000E+00  0.000000000000000E+00  4.970000000003532E-01
     735  0.000000000000000E+00  0.000000000000000E+00  4.970000000003532E-01
     736  0.000000000000000E+00  0.000000000000000E+00  4.970000000003532E-01
     737  0.000000000000000E+00  0.000000000000000E+00  4.970000000003532E-01
     738  0.000000000000000E+00  0.000000000000000E+00  4.970000000003532E-01
     739  0.000000000000000E+00  0.000000000000000E+00  4.970000000003532E-01
     740  0.000000000000000E+00  0.000000000000000E+00  4.970000000003532E-01
     741  0.000000000000000E+00  0.000000000000000E+00  4.970000000003532E-01
     742  0.000000000000000E+00  0.000000000000000E+00  4.970000000003532E-01
     743  0.000000000000000E+00  0.000000000000000E+00  4.970000000003532E-01
     744  0.000000000000000E+00  0.000000000000000E+00  4.970000000003532E-01
     745  0.000000000000000E+00  0.000000000000000E+00  4.970000000003532E-01
     746  0.000000000000000E+00  0.000000000000000E+00  4.970000000003532E-01
     747  0.000000000000000E+00  0.000000000000000E+00  4.970000000003532E-01
     748  0.000000000000000E+00  0.000000000000000E+00  4.970000000003532E-01
     749  0.000000000000000E+00  0.000000000000000E+00  4.970000000003532E-01
     750  0.000000000000000E+00  0.000000000000000E+00  4.970000000003532E-01
     751  0.000000000000000E+00  0.000000000000000E+00  4.970000000003532E-01
     752  0.000000000000000E+00  0.000000000000000E+00  4.970000000003532E-01
     753  0.000000000000000E+00  0.000000000000000E+00  4.970000000003532E-01
     754  0.000000000000000E+00  0.000000000000000E+00  4.970000000003532E-01
     755  0.000000000000000E+00  0.000000000000000E+00  4.970000000003532E-01
     756  0.000000000000000E+00  0.000000000000000E+00  4.970000000003532E-01
     757  0.000000000000000E+00  0.000000000000000E+00  4.970000000003532E-01
     758  0.000000000000000E+00  0.000000000000000E+00  4.970000000003532E-01
     759  0.000000000000000E+00  0.000000000000000E+00  4.970000000003532E-01
     760  0.000000000000000E+00  0.000000000000000E+00  4.970000000003532E-01
     761  0.000000000000000E+00  0.000000000000000E+00  4.970000000003532E-01
     762  0.000000000000000E+00  0.000000000000000E+00  4.970000000003532E-01
     763  0.000000000000000E+00  0.000000000000000E+00  4.970000000003532E-01
     764  0.000000000000000E+00  0.000000000000000E+00  4.970000000003532E-01
     765  0.000000000000000E+00  0.000000000000000E+00  4.970000000003532E-01
     766  0.000000000000000E+00  0.000000000000000E+00  4.970000000003532E-01
     767  0.000000000000000E+00  0.000000000000000E+00  4.970000000003532E-01
     768  0.000000000000000E+00  0.000000000000000E+00  4.970000000003532E-01
     769  0.000000000000000E+00  0.000000000000000E+00  4.970000000003532E-01
     770  0.000000000000000E+00  0.000000000000000E+00  4.970000000003532E-01
     771  0.000000000000000E+00  0.000000000000000E+00  4.970000000003532E-01
     772  0.000000000000000E+00  0.000000000000000E+00  4.970000000003532E-01
     773  0.000000000000000E+00  0.000000000000000E+00  4.970000000003532E-01
     774  0.000000000000000E+00  0.000000000000000E+00  4.970000000003532E-01
     775  0.000000000000000E+00  0.000000000000000E+00  4.970000000003532E-01
     776  0.000000000000000E+00  0.000000000000000E+00  4.970000000003532E-01
     777  0.000000000000000E+00  0.000000000000000E+00  4.970000000003532E-01
     778  0.000000000000000E+00  0.000000000000000E+00  4.970000000003532E-01
     779  0.000000000000000E+00  0.000000000000000E+00  4.970000000003532E-01
     780  0.000000000000000E+00  0.000000000000000E+00  4.970000000003532E-01
     781  0.000000000000000E+00  0.000000000000000E+00  4.970000000003532E-01
     782  0.000000000000000E+00  0.000000000000000E+00  4.970000000003532E-01
     783  0.000000000000000E+00  0.000000000000000E+00  4.970000000003532E-01
     784  0.000000000000000E+00  0.000000000000000E+00  4.970000000003532E-01
     785  0.000000000000000E+00  0.000000000000000E+00  4.970000000003532E-01
     786  0.000000000000000E+00  0.000000000000000E+00  4.970000000003532E-01
     787  0.000000000000000E+00  0.000000000000000E+00  4.970000000003532E-01
     788  0.000000000000000E+00  0.000000000000000E+00  4.970000000003532E-01
     789  0.000000000000000E+00  0.000000000000000E+00  4.970000000003532E-01
     790  0.000000000000000E+00  0.000000000000000E+00  4.970000000003532E-01
     791  0.000000000000000E+00  0.000000000000000E+00  4.970000000003532E-01
     792  0.000000000000000E+00  0.000000000000000E+00  4.970000000003532E-01
     793  0.000000000000000E+00  0.000000000000000E+00  4.970000000003532E-01
     794  0.000000000000000E+00  0.000000000000000E+00  4.970000000003532E-01
     795  0.000000000000000E+00  0.000000000000000E+00  4.970000000003532E-01
     796  0.000000000000000E+00  0.000000000000000E+00  4.970000000003532E-01
     797  0.000000000000000E+00  0.000000000000000E+00  4.970000000003532E-01
     798  0.000000000000000E+00  0.000000000000000E+00  4.970000000003532E-01
     799  0.000000000000000E+00  0.000000000000000E+00  4.970000000003532E-01
     800  0.000000000000000E+00  0.000000000000000E+00  4.970000000003532E-01
     801  0.000000000000000E+00  0.000000000000000E+00  4.970000000003532E-01
     802  0.000000000000000E+00  0.000000000000000E+00  4.970000000003532E-01
     803  0.000000000000000E+00  0.000000000000000E+00  4.970000000003532E-01
     804  0.000000000000000E+00  0.000000000000000E+00  4.970000000003532E-01
     805  0.000000000000000E+00  0.000000000000000E+00  4.970000000003532E-01
     806  0.000000000000000E+00  0.000000000000000E+00  4.970000000003532E-01
     807  0.000000000000000E+00  0.000000000000000E+00  4.970000000003532E-01
     808  0.000000000000000E+00  0.000000000000000E+00  4.970000000003532E-01
     809  0.000000000000000E+00  0.000000000000000E+00  4.970000000003532E-01
     810  0.000000000000000E+00  0.000000000000000E+00  4.970000000003532E-01
     811  0.000000000000000E+00  0.000000000000000E+00  4.970000000003532E-01
     812  0.000000000000000E+00  0.000000000000000E+00  4.970000000003532E-01
     813  0.000000000000000E+00  0.000000000000000E+00  4.970000000003532E-01
     814  0.000000000000000E+00  0.000000000000000E+00  4.970000000003532E-01
     815  0.000000000000000E+00  0.000000000000000E+00  4.970000000003532E-01
     816  0.000000000000000E+00  0.000000000000000E+00  4.970000000003532E-01
     817  0.000000000000000E+00  0.000000000000000E+00  4.970000000003532E-01
     818  0.000000000000000E+00  0.000000000000000E+00  4.970000000003532E-01
     819  0.000000000000000E+00  0.000000000000000E+00  4.970000000003532E-01
     820  0.000000000000000E+00  0.000000000000000E+00  4.970000000003532E-01
     821  0.000000000000000E+00  0.000000000000000E+00  4.970000000003532E-01
     822  0.000000000000000E+00  0.000000000000000E+00  4.970000000003532E-01
     823  0.000000000000000E+00  0.000000000000000E+00  4.970000000003532E-01
     824  0.000000000000000E+00  0.000000000000000E+00  4.970000000003532E-01
     825  0.000000000000000E+00  0.000000000000000E+00  4.970000000003532E-01
     826  0.000000000000000E+00  0.000000000000000E+00  4.970000000003532E-01
     827  0.000000000000000E+00  0.000000000000000E+00  4.970000000003532E-01
     828  0.000000000000000E+00  0.000000000000000E+00  4.970000000003532E-01
     829  0.000000000000000E+00  0.000000000000000E+00  4.970000000003532E-01
     830  0.000000000000000E+00  0.000000000000000E+00  4.970000000003532E-01
     831  0.000000000000000E+00  0.000000000000000E+00  4.970000000003532E-01
     832  0.000000000000000E+00  0.000000000000000E+00  4.970000000003532E-01
     833  0.000000000000000E+00  0.000000000000000E+00  4.970000000003532E-01
     834  0.000000000000000E+00  0.000000000000000E+00  4.970000000003532E-01
     835  0.000000000000000E+00  0.000000000000000E+00  4.970000000003532E-01
     836  0.000000000000000E+00  0.000000000000000E+00  4.970000000003532E-01
     837  0.000000000000000E+00  0.000000000000000E+00  4.970000000003532E-01
     838  0.000000000000000E+00  0.000000000000000E+00  4.970000000003532E-01
     839  0.000000000000000E+00  0.000000000000000E+00  4.970000000003532E-01
     840  0.000000000000000E+00  0.000000000000000E+00  4.970000000003532E-01
     841  0.000000000000000E+00  0.000000000000000E+00  4.970000000003532E-01
     842  0.000000000000000E+00  0.000000000000000E+00  4.970000000003532E-01
     843  0.000000000000000E+00  0.000000000000000E+00  4.970000000003532E-01
     844  0.000000000000000E+00  0.000000000000000E+00  4.970000000003532E-01
     845  0.000000000000000E+00  0.000000000000000E+00  4.970000000003532E-01
     846  0.000000000000000E+00  0.000000000000000E+00  4.970000000003532E-01
     847  0.000000000000000E+00  0.000000000000000E+00  4.970000000003532E-01
     848  0.000000000000000E+00  0.000000000000000E+00  4.970000000003532E-01
     849  0.000000000000000E+00  0.000000000000000E+00  4.970000000003532E-01
     850  0.000000000000000E+00  0.000000000000000E+00  4.970000000003532E-01
     851  0.000000000000000E+00  0.000000000000000E+00  4.970000000003532E-01
     852  0.000000000000000E+00  0.000000000000000E+00  4.970000000003532E-01
     853  0.000000000000000E+00  0.000000000000000E+00  4.970000000003532E-01
     854  0.000000000000000E+00  0.000000000000000E+00  4.970000000003532E-01
     855  0.000000000000000E+00  0.000000000000000E+00  4.970000000003532E-01
     856  0.000000000000000E+00  0.000000000000000E+00  4.970000000003532E-01
     857  0.000000000000000E+00  0.000000000000000E+00  4.970000000003532E-01
     858  0.000000000000000E+00  0.000000000000000E+00  4.970000000003532E-01
     859  0.000000000000000E+00  0.000000000000000E+00  4.970000000003532E-01
     860  0.000000000000000E+00  0.000000000000000E+00  4.970000000003532E-01
     861  0.000000000000000E+00  0.000000000000000E+00  4.970000000003532E-01
     862  0.000000000000000E+00  0.000000000000000E+00  4.970000000003532E-01
     863  0.000000000000000E+00  0.000000000000000E+00  4.970000000003532E-01
     864  0.000000000000000E+00  0.000000000000000E+00  4.970000000003532E-01
     865  0.000000000000000E+00  0.000000000000000E+00  4.970000000003532E-01
     866  0.000000000000000E+00  0.000000000000000E+00  4.970000000003532E-01
     867  0.000000000000000E+00  0.000000000000000E+00  4.970000000003532E-01
     868  0.000000000000000E+00  0.000000000000000E+00  4.970000000003532E-01
     869  0.000000000000000E+00  0.000000000000000E+00  4.970000000003532E-01
     870  0.000000000000000E+00  0.000000000000000E+00  4.970000000003532E-01
     871  0.000000000000000E+00  0.000000000000000E+00  4.970000000003532E-01
     872  0.000000000000000E+00  0.000000000000000E+00  4.970000000003532E-01
     873  0.000000000000000E+00  0.000000000000000E+00  4.970000000003532E-01
     874  0.000000000000000E+00  0.000000000000000E+00  4.970000000003532E-01
     875  0.000000000000000E+00  0.000000000000000E+00  4.970000000003532E-01
     876  0.000000000000000E+00  0.000000000000000E+00  4.970000000003532E-01
     877  0.000000000000000E+00  0.000000000000000E+00  4.970000000003532E-01
     878  0.000000000000000E+00  0.000000000000000E+00  4.970000000003532E-01
     879  0.000000000000000E+00  0.000000000000000E+00  4.970000000003532E-01
     880  0.000000000000000E+00  0.000000000000000E+00  4.970000000003532E-01
     881  0.000000000000000E+00  0.000000000000000E+00  4.970000000003532E-01
     882  0.000000000000000E+00  0.000000000000000E+00  4.970000000003532E-01
     883  0.000000000000000E+00  0.000000000000000E+00  4.970000000003532E-01
     884  0.000000000000000E+00  0.000000000000000E+00  4.970000000003532E-01
     885  0.000000000000000E+00  0.000000000000000E+00  4.970000000003532E-01
     886  0.000000000000000E+00  0.000000000000000E+00  4.970000000003532E-01
     887  0.000000000000000E+00  0.000000000000000E+00  4.970000000003532E-01
     888  0.000000000000000E+00  0.000000000000000E+00  4.970000000003532E-01
     889  0.000000000000000E+00  0.000000000000000E+00  4.970000000003532E-01
     890  0.000000000000000E+00  0.000000000000000E+00  4.970000000003532E-01
     891  0.000000000000000E+00  0.000000000000000E+00  4.970000000003532E-01
     892  0.000000000000000E+00  0.000000000000000E+00  4.970000000003532E-01
     893  0.000000000000000E+00  0.000000000000000E+00  4.970000000003532E-01
     894  0.000000000000000E+00  0.000000000000000E+00  4.970000000003532E-01
     895  0.000000000000000E+00  0.000000000000000E+00  4.970000000003532E-01
     896  0.000000000000000E+00  0.000000000000000E+00  4.970000000003532E-01
     897  0.000000000000000E+00  0.000000000000000E+00  4.970000000003532E-01
     898  0.000000000000000E+00  0.000000000000000E+00  4.970000000003532E-01
     899  0.000000000000000E+00  0.000000000000000E+00  4.970000000003532E-01
     900  0.000000000000000E+00  0.000000000000000E+00  4.970000000003532E-01
     901  0.000000000000000E+00  0.000000000000000E+00  4.970000000003532E-01
     902  0.000000000000000E+00  0.000000000000000E+00  4.970000000003532E-01
     903  0.000000000000000E+00  0.000000000000000E+00  4.970000000003532E-01
     904  0.000000000000000E+00  0.000000000000000E+00  4.970000000003532E-01
     905  0.000000000000000E+00  0.000000000000000E+00  4.970000000003532E-01
     906  0.000000000000000E+00  0.000000000000000E+00  4.970000000003532E-01
     907  0.000000000000000E+00  0.000000000000000E+00  4.970000000003532E-01
     908  0.000000000000000E+00  0.000000000000000E+00  4.970000000003532E-01
     909  0.000000000000000E+00  0.000000000000000E+00  4.970000000003532E-01
     910  0.000000000000000E+00  0.000000000000000E+00  4.970000000003532E-01
     911  0.000000000000000E+00  0.000000000000000E+00  4.970000000003532E-01
     912  0.000000000000000E+00  0.000000000000000E+00  4.970000000003532E-01
     913  0.000000000000000E+00  0.000000000000000E+00  4.970000000003532E-01
     914  0.000000000000000E+00  0.000000000000000E+00  4.970000000003532E-01
     915  0.000000000000000E+00  0.000000000000000E+00  4.970000000003532E-01
     916  0.000000000000000E+00  0.000000000000000E+00  4.970000000003532E-01
     917  0.000000000000000E+00  0.000000000000000E+00  4.970000000003532E-01
     918  0.000000000000000E+00  0.000000000000000E+00  4.970000000003532E-01
     919  0.000000000000000E+00  0.000000000000000E+00  4.970000000003532E-01
     920  0.000000000000000E+00  0.000000000000000E+00  4.970000000003532E-01
     921  0.000000000000000E+00  0.000000000000000E+00  4.970000000003532E-01
     922  0.000000000000000E+00  0.000000000000000E+00  4.970000000003532E-01
     923  0.000000000000000E+00  0.000000000000000E+00  4.970000000003532E-01
     924  0.000000000000000E+00  0.000000000000000E+00  4.970000000003532E-01
     925  0.000000000000000E+00  0.000000000000000E+00  4.970000000003532E-01
     926  0.000000000000000E+00  0.000000000000000E+00  4.970000000003532E-01
     927  0.000000000000000E+00  0.000000000000000E+00  4.970000000003532E-01
     928  0.000000000000000E+00  0.000000000000000E+00  4.970000000003532E-01
     929  0.000000000000000E+00  0.000000000000000E+00  4.970000000003532E-01
     930  0.000000000000000E+00  0.000000000000000E+00  4.970000000003532E-01
     931  0.000000000000000E+00  0.000000000000000E+00  4.970000000003532E-01
     932  0.000000000000000E+00  0.000000000000000E+00  4.970000000003532E-01
     933  0.000000000000000E+00  0.000000000000000E+00  4.970000000003532E-01
     934  0.000000000000000E+00  0.000000000000000E+00  4.970000000003532E-01
     935  0.000000000000000E+00  0.000000000000000E+00  4.970000000003532E-01
     936  0.000000000000000E+00  0.000000000000000E+00  4.970000000003532E-01
     937  0.000000000000000E+00  0.000000000000000E+00  4.970000000003532E-01
     938  0.000000000000000E+00  0.000000000000000E+00  4.970000000003532E-01
     939  0.000000000000000E+00  0.000000000000000E+00  4.970000000003532E-01
     940  0.000000000000000E+00  0.000000000000000E+00  4.970000000003532E-01
     941  0.000000000000000E+00  0.000000000000000E+00  4.970000000003532E-01
     942  0.000000000000000E+00  0.000000000000000E+00  4.970000000003532E-01
     943  0.000000000000000E+00  0.000000000000000E+00  4.970000000003532E-01
     944  0.000000000000000E+00  0.000000000000000E+00  4.970000000003532E-01
     945  0.000000000000000E+00  0.000000000000000E+00  4.970000000003532E-01
     946  0.000000000000000E+00  0.000000000000000E+00  4.970000000003532E-01
     947  0.000000000000000E+00  0.000000000000000E+00  4.970000000003532E-01
     948  0.000000000000000E+00  0.000000000000000E+00  4.970000000003532E-01
     949  0.000000000000000E+00  0.000000000000000E+00  4.970000000003532E-01
     950  0.000000000000000E+00  0.000000000000000E+00  4.970000000003532E-01
     951  0.000000000000000E+00  0.000000000000000E+00  4.970000000003532E-01
     952  0.000000000000000E+00  0.000000000000000E+00  4.970000000003532E-01
     953  0.000000000000000E+00  0.000000000000000E+00  4.970000000003532E-01
     954  0.000000000000000E+00  0.000000000000000E+00  4.970000000003532E-01
     955  0.000000000000000E+00  0.000000000000000E+00  4.970000000003532E-01
     956  0.000000000000000E+00  0.000000000000000E+00  4.970000000003532E-01
     957  0.000000000000000E+00  0.000000000000000E+00  4.970000000003532E-01
     958  0.000000000000000E+00  0.000000000000000E+00  4.970000000003532E-01
     959  0.000000000000000E+00  0.000000000000000E+00  4.970000000003532E-01
     960  0.000000000000000E+00  0.000000000000000E+00  4.970000000003532E-01
     961  0.000000000000000E+00  0.000000000000000E+00  4.970000000003532E-01
     962  0.000000000000000E+00  0.000000000000000E+00  4.970000000003532E-01
     963  0.000000000000000E+00  0.000000000000000E+00  4.970000000003532E-01
     964  0.000000000000000E+00  0.000000000000000E+00  4.970000000003532E-01
     965  0.000000000000000E+00  0.000000000000000E+00  4.970000000003532E-01
     966  0.000000000000000E+00  0.000000000000000E+00  4.970000000003532E-01
     967  0.000000000000000E+00  0.000000000000000E+00  4.970000000003532E-01
     968  0.000000000000000E+00  0.000000000000000E+00  4.970000000003532E-01
     969  0.000000000000000E+00  0.000000000000000E+00  4.970000000003532E-01
     970  0.000000000000000E+00  0.000000000000000E+00  4.970000000003532E-01
     971  0.000000000000000E+00  0.000000000000000E+00  4.970000000003532E-01
     972  0.000000000000000E+00  0.000000000000000E+00  4.970000000003532E-01
     973  0.000000000000000E+00  0.000000000000000E+00  4.970000000003532E-01
     974  0.000000000000000E+00  0.000000000000000E+00  4.970000000003532E-01
     975  0.000000000000000E+00  0.000000000000000E+00  4.970000000003532E-01
     976  0.000000000000000E+00  0.000000000000000E+00  4.970000000003532E-01
     977  0.000000000000000E+00  0.000000000000000E+00  4.970000000003532E-01
     978  0.000000000000000E+00  0.000000000000000E+00  4.970000000003532E-01
     979  0.000000000000000E+00  0.000000000000000E+00  4.970000000003532E-01
     980  0.000000000000000E+00  0.000000000000000E+00  4.970000000003532E-01
     981  0.000000000000000E+00  0.000000000000000E+00  4.970000000003532E-01
     982  0.000000000000000E+00  0.000000000000000E+00  4.970000000003532E-01
     983  0.000000000000000E+00  0.000000000000000E+00  4.970000000003532E-01
     984  0.000000000000000E+00  0.000000000000000E+00  4.970000000003532E-01
     985  0.000000000000000E+00  0.000000000000000E+00  4.970000000003532E-01
     986  0.000000000000000E+00  0.000000000000000E+00  4.970000000003532E-01
     987  0.000000000000000E+00  0.000000000000000E+00  4.970000000003532E-01
     988  0.000000000000000E+00  0.000000000000000E+00  4.970000000003532E-01
     989  0.000000000000000E+00  0.000000000000000E+00  4.970000000003532E-01
     990  0.000000000000000E+00  0.000000000000000E+00  4.970000000003532E-01
     991  0.000000000000000E+00  0.000000000000000E+00  4.970000000003532E-01
     992  0.000000000000000E+00  0.000000000000000E+00  4.970000000003532E-01
     993  0.000000000000000E+00  0.000000000000000E+00  4.970000000003532E-01
     994  0.000000000000000E+00  0.000000000000000E+00  4.970000000003532E-01
     995  0.000000000000000E+00  0.000000000000000E+00  4.970000000003532E-01
     996  0.000000000000000E+00  0.000000000000000E+00  4.970000000003532E-01
     997  0.000000000000000E+00  0.000000000000000E+00  4.970000000003532E-01
     998  0.000000000000000E+00  0.000000000000000E+00  4.970000000003532E-01
     999  0.000000000000000E+00  0.000000000000000E+00  4.970000000003532E-01
    1000  0.000000000000000E+00  0.000000000000000E+00  4.970000000003532E-01
