  1.500000000000000E+00
  5.000000000000000E-01
  1.500000000000000E+00
  5.000000000000000E-01
  1.500000000000000E+00
  5.000000000000000E-01
  1.500000000000000E+00
  5.000000000000000E-01
  1.500000000000000E+00
  5.000000000000000E-01
  1.500000000000000E+00
  5.000000000000000E-01
  1.500000000000000E+00
  5.000000000000000E-01
  1.500000000000000E+00
  5.000000000000000E-01
  1.500000000000000E+00
  5.000000000000000E-01
  1.500000000000000E+00
  5.000000000000000E-01
  1.500000000000000E+00
  5.000000000000000E-01
  1.500000000000000E+00
  5.000000000000000E-01
  1.500000000000000E+00
  5.000000000000000E-01
  1.500000000000000E+00
  5.000000000000000E-01
  1.500000000000000E+00
  5.000000000000000E-01
  1.500000000000000E+00
  5.000000000000000E-01
  1.500000000000000E+00
  5.000000000000000E-01
  1.500000000000000E+00
  5.000000000000000E-01
  1.500000000000000E+00
  5.000000000000000E-01
  1.500000000000000E+00
  5.000000000000000E-01
  1.500000000000000E+00
  5.000000000000000E-01
  1.500000000000000E+00
  5.000000000000000E-01
  1.500000000000000E+00
  5.000000000000000E-01
  1.500000000000000E+00
  5.000000000000000E-01
  1.500000000000000E+00
  5.000000000000000E-01
  1.500000000000000E+00
  5.000000000000000E-01
  1.500000000000000E+00
  5.000000000000000E-01
  1.500000000000000E+00
  5.000000000000000E-01
  1.500000000000000E+00
  5.000000000000000E-01
  1.500000000000000E+00
  5.000000000000000E-01
  1.500000000000000E+00
  5.000000000000000E-01
  1.500000000000000E+00
  5.000000000000000E-01
  1.500000000000000E+00
  5.000000000000000E-01
  1.500000000000000E+00
  5.000000000000000E-01
  1.500000000000000E+00
  5.000000000000000E-01
  1.500000000000000E+00
  5.000000000000000E-01
  1.500000000000000E+00
  5.000000000000000E-01
  1.500000000000000E+00
  5.000000000000000E-01
  1.500000000000000E+00
  5.000000000000000E-01
  1.500000000000000E+00
  5.000000000000000E-01
  1.500000000000000E+00
  5.000000000000000E-01
  1.500000000000000E+00
  5.000000000000000E-01
  1.500000000000000E+00
  5.000000000000000E-01
  1.500000000000000E+00
  5.000000000000000E-01
  1.500000000000000E+00
  5.000000000000000E-01
  1.500000000000000E+00
  5.000000000000000E-01
  1.500000000000000E+00
  5.000000000000000E-01
  1.500000000000000E+00
  5.000000000000000E-01
  1.500000000000000E+00
  5.000000000000000E-01
  1.500000000000000E+00
  5.000000000000000E-01
