       2
       3
       4
       5
       6
       1
       8
       9
      10
      11
      12
       7
      14
      15
      16
      17
      18
      13
      20
      21
      22
      23
      24
      19
      26
      27
      28
      29
      30
      25
      32
      33
      34
      35
      36
      31
      38
      39
      40
      41
      42
      37
      44
      45
      46
      47
      48
      43
      50
      51
      52
      53
      54
      49
      56
      57
      58
      59
      60
      55
      62
      63
      64
      65
      66
      61
      68
      69
      70
      71
      72
      67
      74
      75
      76
      77
      78
      73
      80
      81
      82
      83
      84
      79
      86
      87
      88
      89
      90
      85
      92
      93
      94
      95
      96
      91
      98
      99
     100
     101
     102
      97
     104
     105
     106
     107
     108
     103
     110
     111
     112
     113
     114
     109
     116
     117
     118
     119
     120
     115
     122
     123
     124
     125
     126
     121
     128
     129
     130
     131
     132
     127
     134
     135
     136
     137
     138
     133
     140
     141
     142
     143
     144
     139
     146
     147
     148
     149
     150
     145
     152
     153
     154
     155
     156
     151
     158
     159
     160
     161
     162
     157
     164
     165
     166
     167
     168
     163
     170
     171
     172
     173
     174
     169
     176
     177
     178
     179
     180
     175
     182
     183
     184
     185
     186
     181
     188
     189
     190
     191
     192
     187
     194
     195
     196
     197
     198
     193
     200
     201
     202
     203
     204
     199
     206
     207
     208
     209
     210
     205
     212
     213
     214
     215
     216
     211
