       1       2  1.000000000000000E+00  8.000000000000000E-01  7.000000000000000E-01  2.000000000000000E-01  1.000000000000000E-01  5.000000000000000E+00  1.000000000000000E-01  3.000000000000000E-01 -2.000000000000000E-01
       2       3  1.000000000000000E+00  8.000000000000000E-01  7.000000000000000E-01  2.000000000000000E-01  1.000000000000000E-01  5.000000000000000E+00  1.000000000000000E-01  3.000000000000000E-01 -2.000000000000000E-01
       3       4  1.000000000000000E+00  8.000000000000000E-01  7.000000000000000E-01  2.000000000000000E-01  1.000000000000000E-01  5.000000000000000E+00  1.000000000000000E-01  3.000000000000000E-01 -2.000000000000000E-01
       4       5  1.000000000000000E+00  8.000000000000000E-01  7.000000000000000E-01  2.000000000000000E-01  1.000000000000000E-01  5.000000000000000E+00  1.000000000000000E-01  3.000000000000000E-01 -2.000000000000000E-01
       5       6  1.000000000000000E+00  8.000000000000000E-01  7.000000000000000E-01  2.000000000000000E-01  1.000000000000000E-01  5.000000000000000E+00  1.000000000000000E-01  3.000000000000000E-01 -2.000000000000000E-01
       6       7  1.000000000000000E+00  8.000000000000000E-01  7.000000000000000E-01  2.000000000000000E-01  1.000000000000000E-01  5.000000000000000E+00  1.000000000000000E-01  3.000000000000000E-01 -2.000000000000000E-01
       7       8  1.000000000000000E+00  8.000000000000000E-01  7.000000000000000E-01  2.000000000000000E-01  1.000000000000000E-01  5.000000000000000E+00  1.000000000000000E-01  3.000000000000000E-01 -2.000000000000000E-01
       8       9  1.000000000000000E+00  8.000000000000000E-01  7.000000000000000E-01  2.000000000000000E-01  1.000000000000000E-01  5.000000000000000E+00  1.000000000000000E-01  3.000000000000000E-01 -2.000000000000000E-01
       9      10  1.000000000000000E+00  8.000000000000000E-01  7.000000000000000E-01  2.000000000000000E-01  1.000000000000000E-01  5.000000000000000E+00  1.000000000000000E-01  3.000000000000000E-01 -2.000000000000000E-01
      10       1  1.000000000000000E+00  8.000000000000000E-01  7.000000000000000E-01  2.000000000000000E-01  1.000000000000000E-01  5.000000000000000E+00  1.000000000000000E-01  3.000000000000000E-01 -2.000000000000000E-01
      11      12  1.000000000000000E+00  8.000000000000000E-01  7.000000000000000E-01  2.000000000000000E-01  1.000000000000000E-01  5.000000000000000E+00  1.000000000000000E-01  3.000000000000000E-01 -2.000000000000000E-01
      12      13  1.000000000000000E+00  8.000000000000000E-01  7.000000000000000E-01  2.000000000000000E-01  1.000000000000000E-01  5.000000000000000E+00  1.000000000000000E-01  3.000000000000000E-01 -2.000000000000000E-01
      13      14  1.000000000000000E+00  8.000000000000000E-01  7.000000000000000E-01  2.000000000000000E-01  1.000000000000000E-01  5.000000000000000E+00  1.000000000000000E-01  3.000000000000000E-01 -2.000000000000000E-01
      14      15  1.000000000000000E+00  8.000000000000000E-01  7.000000000000000E-01  2.000000000000000E-01  1.000000000000000E-01  5.000000000000000E+00  1.000000000000000E-01  3.000000000000000E-01 -2.000000000000000E-01
      15      16  1.000000000000000E+00  8.000000000000000E-01  7.000000000000000E-01  2.000000000000000E-01  1.000000000000000E-01  5.000000000000000E+00  1.000000000000000E-01  3.000000000000000E-01 -2.000000000000000E-01
      16      17  1.000000000000000E+00  8.000000000000000E-01  7.000000000000000E-01  2.000000000000000E-01  1.000000000000000E-01  5.000000000000000E+00  1.000000000000000E-01  3.000000000000000E-01 -2.000000000000000E-01
      17      18  1.000000000000000E+00  8.000000000000000E-01  7.000000000000000E-01  2.000000000000000E-01  1.000000000000000E-01  5.000000000000000E+00  1.000000000000000E-01  3.000000000000000E-01 -2.000000000000000E-01
      18      19  1.000000000000000E+00  8.000000000000000E-01  7.000000000000000E-01  2.000000000000000E-01  1.000000000000000E-01  5.000000000000000E+00  1.000000000000000E-01  3.000000000000000E-01 -2.000000000000000E-01
      19      20  1.000000000000000E+00  8.000000000000000E-01  7.000000000000000E-01  2.000000000000000E-01  1.000000000000000E-01  5.000000000000000E+00  1.000000000000000E-01  3.000000000000000E-01 -2.000000000000000E-01
      20      11  1.000000000000000E+00  8.000000000000000E-01  7.000000000000000E-01  2.000000000000000E-01  1.000000000000000E-01  5.000000000000000E+00  1.000000000000000E-01  3.000000000000000E-01 -2.000000000000000E-01
      21      22  1.000000000000000E+00  8.000000000000000E-01  7.000000000000000E-01  2.000000000000000E-01  1.000000000000000E-01  5.000000000000000E+00  1.000000000000000E-01  3.000000000000000E-01 -2.000000000000000E-01
      22      23  1.000000000000000E+00  8.000000000000000E-01  7.000000000000000E-01  2.000000000000000E-01  1.000000000000000E-01  5.000000000000000E+00  1.000000000000000E-01  3.000000000000000E-01 -2.000000000000000E-01
      23      24  1.000000000000000E+00  8.000000000000000E-01  7.000000000000000E-01  2.000000000000000E-01  1.000000000000000E-01  5.000000000000000E+00  1.000000000000000E-01  3.000000000000000E-01 -2.000000000000000E-01
      24      25  1.000000000000000E+00  8.000000000000000E-01  7.000000000000000E-01  2.000000000000000E-01  1.000000000000000E-01  5.000000000000000E+00  1.000000000000000E-01  3.000000000000000E-01 -2.000000000000000E-01
      25      26  1.000000000000000E+00  8.000000000000000E-01  7.000000000000000E-01  2.000000000000000E-01  1.000000000000000E-01  5.000000000000000E+00  1.000000000000000E-01  3.000000000000000E-01 -2.000000000000000E-01
      26      27  1.000000000000000E+00  8.000000000000000E-01  7.000000000000000E-01  2.000000000000000E-01  1.000000000000000E-01  5.000000000000000E+00  1.000000000000000E-01  3.000000000000000E-01 -2.000000000000000E-01
      27      28  1.000000000000000E+00  8.000000000000000E-01  7.000000000000000E-01  2.000000000000000E-01  1.000000000000000E-01  5.000000000000000E+00  1.000000000000000E-01  3.000000000000000E-01 -2.000000000000000E-01
      28      29  1.000000000000000E+00  8.000000000000000E-01  7.000000000000000E-01  2.000000000000000E-01  1.000000000000000E-01  5.000000000000000E+00  1.000000000000000E-01  3.000000000000000E-01 -2.000000000000000E-01
      29      30  1.000000000000000E+00  8.000000000000000E-01  7.000000000000000E-01  2.000000000000000E-01  1.000000000000000E-01  5.000000000000000E+00  1.000000000000000E-01  3.000000000000000E-01 -2.000000000000000E-01
      30      21  1.000000000000000E+00  8.000000000000000E-01  7.000000000000000E-01  2.000000000000000E-01  1.000000000000000E-01  5.000000000000000E+00  1.000000000000000E-01  3.000000000000000E-01 -2.000000000000000E-01
      31      32  1.000000000000000E+00  8.000000000000000E-01  7.000000000000000E-01  2.000000000000000E-01  1.000000000000000E-01  5.000000000000000E+00  1.000000000000000E-01  3.000000000000000E-01 -2.000000000000000E-01
      32      33  1.000000000000000E+00  8.000000000000000E-01  7.000000000000000E-01  2.000000000000000E-01  1.000000000000000E-01  5.000000000000000E+00  1.000000000000000E-01  3.000000000000000E-01 -2.000000000000000E-01
      33      34  1.000000000000000E+00  8.000000000000000E-01  7.000000000000000E-01  2.000000000000000E-01  1.000000000000000E-01  5.000000000000000E+00  1.000000000000000E-01  3.000000000000000E-01 -2.000000000000000E-01
      34      35  1.000000000000000E+00  8.000000000000000E-01  7.000000000000000E-01  2.000000000000000E-01  1.000000000000000E-01  5.000000000000000E+00  1.000000000000000E-01  3.000000000000000E-01 -2.000000000000000E-01
      35      36  1.000000000000000E+00  8.000000000000000E-01  7.000000000000000E-01  2.000000000000000E-01  1.000000000000000E-01  5.000000000000000E+00  1.000000000000000E-01  3.000000000000000E-01 -2.000000000000000E-01
      36      37  1.000000000000000E+00  8.000000000000000E-01  7.000000000000000E-01  2.000000000000000E-01  1.000000000000000E-01  5.000000000000000E+00  1.000000000000000E-01  3.000000000000000E-01 -2.000000000000000E-01
      37      38  1.000000000000000E+00  8.000000000000000E-01  7.000000000000000E-01  2.000000000000000E-01  1.000000000000000E-01  5.000000000000000E+00  1.000000000000000E-01  3.000000000000000E-01 -2.000000000000000E-01
      38      39  1.000000000000000E+00  8.000000000000000E-01  7.000000000000000E-01  2.000000000000000E-01  1.000000000000000E-01  5.000000000000000E+00  1.000000000000000E-01  3.000000000000000E-01 -2.000000000000000E-01
      39      40  1.000000000000000E+00  8.000000000000000E-01  7.000000000000000E-01  2.000000000000000E-01  1.000000000000000E-01  5.000000000000000E+00  1.000000000000000E-01  3.000000000000000E-01 -2.000000000000000E-01
      40      31  1.000000000000000E+00  8.000000000000000E-01  7.000000000000000E-01  2.000000000000000E-01  1.000000000000000E-01  5.000000000000000E+00  1.000000000000000E-01  3.000000000000000E-01 -2.000000000000000E-01
      41      42  1.000000000000000E+00  8.000000000000000E-01  7.000000000000000E-01  2.000000000000000E-01  1.000000000000000E-01  5.000000000000000E+00  1.000000000000000E-01  3.000000000000000E-01 -2.000000000000000E-01
      42      43  1.000000000000000E+00  8.000000000000000E-01  7.000000000000000E-01  2.000000000000000E-01  1.000000000000000E-01  5.000000000000000E+00  1.000000000000000E-01  3.000000000000000E-01 -2.000000000000000E-01
      43      44  1.000000000000000E+00  8.000000000000000E-01  7.000000000000000E-01  2.000000000000000E-01  1.000000000000000E-01  5.000000000000000E+00  1.000000000000000E-01  3.000000000000000E-01 -2.000000000000000E-01
      44      45  1.000000000000000E+00  8.000000000000000E-01  7.000000000000000E-01  2.000000000000000E-01  1.000000000000000E-01  5.000000000000000E+00  1.000000000000000E-01  3.000000000000000E-01 -2.000000000000000E-01
      45      46  1.000000000000000E+00  8.000000000000000E-01  7.000000000000000E-01  2.000000000000000E-01  1.000000000000000E-01  5.000000000000000E+00  1.000000000000000E-01  3.000000000000000E-01 -2.000000000000000E-01
      46      47  1.000000000000000E+00  8.000000000000000E-01  7.000000000000000E-01  2.000000000000000E-01  1.000000000000000E-01  5.000000000000000E+00  1.000000000000000E-01  3.000000000000000E-01 -2.000000000000000E-01
      47      48  1.000000000000000E+00  8.000000000000000E-01  7.000000000000000E-01  2.000000000000000E-01  1.000000000000000E-01  5.000000000000000E+00  1.000000000000000E-01  3.000000000000000E-01 -2.000000000000000E-01
      48      49  1.000000000000000E+00  8.000000000000000E-01  7.000000000000000E-01  2.000000000000000E-01  1.000000000000000E-01  5.000000000000000E+00  1.000000000000000E-01  3.000000000000000E-01 -2.000000000000000E-01
      49      50  1.000000000000000E+00  8.000000000000000E-01  7.000000000000000E-01  2.000000000000000E-01  1.000000000000000E-01  5.000000000000000E+00  1.000000000000000E-01  3.000000000000000E-01 -2.000000000000000E-01
      50      41  1.000000000000000E+00  8.000000000000000E-01  7.000000000000000E-01  2.000000000000000E-01  1.000000000000000E-01  5.000000000000000E+00  1.000000000000000E-01  3.000000000000000E-01 -2.000000000000000E-01
      51      52  1.000000000000000E+00  8.000000000000000E-01  7.000000000000000E-01  2.000000000000000E-01  1.000000000000000E-01  5.000000000000000E+00  1.000000000000000E-01  3.000000000000000E-01 -2.000000000000000E-01
      52      53  1.000000000000000E+00  8.000000000000000E-01  7.000000000000000E-01  2.000000000000000E-01  1.000000000000000E-01  5.000000000000000E+00  1.000000000000000E-01  3.000000000000000E-01 -2.000000000000000E-01
      53      54  1.000000000000000E+00  8.000000000000000E-01  7.000000000000000E-01  2.000000000000000E-01  1.000000000000000E-01  5.000000000000000E+00  1.000000000000000E-01  3.000000000000000E-01 -2.000000000000000E-01
      54      55  1.000000000000000E+00  8.000000000000000E-01  7.000000000000000E-01  2.000000000000000E-01  1.000000000000000E-01  5.000000000000000E+00  1.000000000000000E-01  3.000000000000000E-01 -2.000000000000000E-01
      55      56  1.000000000000000E+00  8.000000000000000E-01  7.000000000000000E-01  2.000000000000000E-01  1.000000000000000E-01  5.000000000000000E+00  1.000000000000000E-01  3.000000000000000E-01 -2.000000000000000E-01
      56      57  1.000000000000000E+00  8.000000000000000E-01  7.000000000000000E-01  2.000000000000000E-01  1.000000000000000E-01  5.000000000000000E+00  1.000000000000000E-01  3.000000000000000E-01 -2.000000000000000E-01
      57      58  1.000000000000000E+00  8.000000000000000E-01  7.000000000000000E-01  2.000000000000000E-01  1.000000000000000E-01  5.000000000000000E+00  1.000000000000000E-01  3.000000000000000E-01 -2.000000000000000E-01
      58      59  1.000000000000000E+00  8.000000000000000E-01  7.000000000000000E-01  2.000000000000000E-01  1.000000000000000E-01  5.000000000000000E+00  1.000000000000000E-01  3.000000000000000E-01 -2.000000000000000E-01
      59      60  1.000000000000000E+00  8.000000000000000E-01  7.000000000000000E-01  2.000000000000000E-01  1.000000000000000E-01  5.000000000000000E+00  1.000000000000000E-01  3.000000000000000E-01 -2.000000000000000E-01
      60      51  1.000000000000000E+00  8.000000000000000E-01  7.000000000000000E-01  2.000000000000000E-01  1.000000000000000E-01  5.000000000000000E+00  1.000000000000000E-01  3.000000000000000E-01 -2.000000000000000E-01
      61      62  1.000000000000000E+00  8.000000000000000E-01  7.000000000000000E-01  2.000000000000000E-01  1.000000000000000E-01  5.000000000000000E+00  1.000000000000000E-01  3.000000000000000E-01 -2.000000000000000E-01
      62      63  1.000000000000000E+00  8.000000000000000E-01  7.000000000000000E-01  2.000000000000000E-01  1.000000000000000E-01  5.000000000000000E+00  1.000000000000000E-01  3.000000000000000E-01 -2.000000000000000E-01
      63      64  1.000000000000000E+00  8.000000000000000E-01  7.000000000000000E-01  2.000000000000000E-01  1.000000000000000E-01  5.000000000000000E+00  1.000000000000000E-01  3.000000000000000E-01 -2.000000000000000E-01
      64      65  1.000000000000000E+00  8.000000000000000E-01  7.000000000000000E-01  2.000000000000000E-01  1.000000000000000E-01  5.000000000000000E+00  1.000000000000000E-01  3.000000000000000E-01 -2.000000000000000E-01
      65      66  1.000000000000000E+00  8.000000000000000E-01  7.000000000000000E-01  2.000000000000000E-01  1.000000000000000E-01  5.000000000000000E+00  1.000000000000000E-01  3.000000000000000E-01 -2.000000000000000E-01
      66      67  1.000000000000000E+00  8.000000000000000E-01  7.000000000000000E-01  2.000000000000000E-01  1.000000000000000E-01  5.000000000000000E+00  1.000000000000000E-01  3.000000000000000E-01 -2.000000000000000E-01
      67      68  1.000000000000000E+00  8.000000000000000E-01  7.000000000000000E-01  2.000000000000000E-01  1.000000000000000E-01  5.000000000000000E+00  1.000000000000000E-01  3.000000000000000E-01 -2.000000000000000E-01
      68      69  1.000000000000000E+00  8.000000000000000E-01  7.000000000000000E-01  2.000000000000000E-01  1.000000000000000E-01  5.000000000000000E+00  1.000000000000000E-01  3.000000000000000E-01 -2.000000000000000E-01
      69      70  1.000000000000000E+00  8.000000000000000E-01  7.000000000000000E-01  2.000000000000000E-01  1.000000000000000E-01  5.000000000000000E+00  1.000000000000000E-01  3.000000000000000E-01 -2.000000000000000E-01
      70      61  1.000000000000000E+00  8.000000000000000E-01  7.000000000000000E-01  2.000000000000000E-01  1.000000000000000E-01  5.000000000000000E+00  1.000000000000000E-01  3.000000000000000E-01 -2.000000000000000E-01
      71      72  1.000000000000000E+00  8.000000000000000E-01  7.000000000000000E-01  2.000000000000000E-01  1.000000000000000E-01  5.000000000000000E+00  1.000000000000000E-01  3.000000000000000E-01 -2.000000000000000E-01
      72      73  1.000000000000000E+00  8.000000000000000E-01  7.000000000000000E-01  2.000000000000000E-01  1.000000000000000E-01  5.000000000000000E+00  1.000000000000000E-01  3.000000000000000E-01 -2.000000000000000E-01
      73      74  1.000000000000000E+00  8.000000000000000E-01  7.000000000000000E-01  2.000000000000000E-01  1.000000000000000E-01  5.000000000000000E+00  1.000000000000000E-01  3.000000000000000E-01 -2.000000000000000E-01
      74      75  1.000000000000000E+00  8.000000000000000E-01  7.000000000000000E-01  2.000000000000000E-01  1.000000000000000E-01  5.000000000000000E+00  1.000000000000000E-01  3.000000000000000E-01 -2.000000000000000E-01
      75      76  1.000000000000000E+00  8.000000000000000E-01  7.000000000000000E-01  2.000000000000000E-01  1.000000000000000E-01  5.000000000000000E+00  1.000000000000000E-01  3.000000000000000E-01 -2.000000000000000E-01
      76      77  1.000000000000000E+00  8.000000000000000E-01  7.000000000000000E-01  2.000000000000000E-01  1.000000000000000E-01  5.000000000000000E+00  1.000000000000000E-01  3.000000000000000E-01 -2.000000000000000E-01
      77      78  1.000000000000000E+00  8.000000000000000E-01  7.000000000000000E-01  2.000000000000000E-01  1.000000000000000E-01  5.000000000000000E+00  1.000000000000000E-01  3.000000000000000E-01 -2.000000000000000E-01
      78      79  1.000000000000000E+00  8.000000000000000E-01  7.000000000000000E-01  2.000000000000000E-01  1.000000000000000E-01  5.000000000000000E+00  1.000000000000000E-01  3.000000000000000E-01 -2.000000000000000E-01
      79      80  1.000000000000000E+00  8.000000000000000E-01  7.000000000000000E-01  2.000000000000000E-01  1.000000000000000E-01  5.000000000000000E+00  1.000000000000000E-01  3.000000000000000E-01 -2.000000000000000E-01
      80      71  1.000000000000000E+00  8.000000000000000E-01  7.000000000000000E-01  2.000000000000000E-01  1.000000000000000E-01  5.000000000000000E+00  1.000000000000000E-01  3.000000000000000E-01 -2.000000000000000E-01
      81      82  1.000000000000000E+00  8.000000000000000E-01  7.000000000000000E-01  2.000000000000000E-01  1.000000000000000E-01  5.000000000000000E+00  1.000000000000000E-01  3.000000000000000E-01 -2.000000000000000E-01
      82      83  1.000000000000000E+00  8.000000000000000E-01  7.000000000000000E-01  2.000000000000000E-01  1.000000000000000E-01  5.000000000000000E+00  1.000000000000000E-01  3.000000000000000E-01 -2.000000000000000E-01
      83      84  1.000000000000000E+00  8.000000000000000E-01  7.000000000000000E-01  2.000000000000000E-01  1.000000000000000E-01  5.000000000000000E+00  1.000000000000000E-01  3.000000000000000E-01 -2.000000000000000E-01
      84      85  1.000000000000000E+00  8.000000000000000E-01  7.000000000000000E-01  2.000000000000000E-01  1.000000000000000E-01  5.000000000000000E+00  1.000000000000000E-01  3.000000000000000E-01 -2.000000000000000E-01
      85      86  1.000000000000000E+00  8.000000000000000E-01  7.000000000000000E-01  2.000000000000000E-01  1.000000000000000E-01  5.000000000000000E+00  1.000000000000000E-01  3.000000000000000E-01 -2.000000000000000E-01
      86      87  1.000000000000000E+00  8.000000000000000E-01  7.000000000000000E-01  2.000000000000000E-01  1.000000000000000E-01  5.000000000000000E+00  1.000000000000000E-01  3.000000000000000E-01 -2.000000000000000E-01
      87      88  1.000000000000000E+00  8.000000000000000E-01  7.000000000000000E-01  2.000000000000000E-01  1.000000000000000E-01  5.000000000000000E+00  1.000000000000000E-01  3.000000000000000E-01 -2.000000000000000E-01
      88      89  1.000000000000000E+00  8.000000000000000E-01  7.000000000000000E-01  2.000000000000000E-01  1.000000000000000E-01  5.000000000000000E+00  1.000000000000000E-01  3.000000000000000E-01 -2.000000000000000E-01
      89      90  1.000000000000000E+00  8.000000000000000E-01  7.000000000000000E-01  2.000000000000000E-01  1.000000000000000E-01  5.000000000000000E+00  1.000000000000000E-01  3.000000000000000E-01 -2.000000000000000E-01
      90      81  1.000000000000000E+00  8.000000000000000E-01  7.000000000000000E-01  2.000000000000000E-01  1.000000000000000E-01  5.000000000000000E+00  1.000000000000000E-01  3.000000000000000E-01 -2.000000000000000E-01
      91      92  1.000000000000000E+00  8.000000000000000E-01  7.000000000000000E-01  2.000000000000000E-01  1.000000000000000E-01  5.000000000000000E+00  1.000000000000000E-01  3.000000000000000E-01 -2.000000000000000E-01
      92      93  1.000000000000000E+00  8.000000000000000E-01  7.000000000000000E-01  2.000000000000000E-01  1.000000000000000E-01  5.000000000000000E+00  1.000000000000000E-01  3.000000000000000E-01 -2.000000000000000E-01
      93      94  1.000000000000000E+00  8.000000000000000E-01  7.000000000000000E-01  2.000000000000000E-01  1.000000000000000E-01  5.000000000000000E+00  1.000000000000000E-01  3.000000000000000E-01 -2.000000000000000E-01
      94      95  1.000000000000000E+00  8.000000000000000E-01  7.000000000000000E-01  2.000000000000000E-01  1.000000000000000E-01  5.000000000000000E+00  1.000000000000000E-01  3.000000000000000E-01 -2.000000000000000E-01
      95      96  1.000000000000000E+00  8.000000000000000E-01  7.000000000000000E-01  2.000000000000000E-01  1.000000000000000E-01  5.000000000000000E+00  1.000000000000000E-01  3.000000000000000E-01 -2.000000000000000E-01
      96      97  1.000000000000000E+00  8.000000000000000E-01  7.000000000000000E-01  2.000000000000000E-01  1.000000000000000E-01  5.000000000000000E+00  1.000000000000000E-01  3.000000000000000E-01 -2.000000000000000E-01
      97      98  1.000000000000000E+00  8.000000000000000E-01  7.000000000000000E-01  2.000000000000000E-01  1.000000000000000E-01  5.000000000000000E+00  1.000000000000000E-01  3.000000000000000E-01 -2.000000000000000E-01
      98      99  1.000000000000000E+00  8.000000000000000E-01  7.000000000000000E-01  2.000000000000000E-01  1.000000000000000E-01  5.000000000000000E+00  1.000000000000000E-01  3.000000000000000E-01 -2.000000000000000E-01
      99     100  1.000000000000000E+00  8.000000000000000E-01  7.000000000000000E-01  2.000000000000000E-01  1.000000000000000E-01  5.000000000000000E+00  1.000000000000000E-01  3.000000000000000E-01 -2.000000000000000E-01
     100      91  1.000000000000000E+00  8.000000000000000E-01  7.000000000000000E-01  2.000000000000000E-01  1.000000000000000E-01  5.000000000000000E+00  1.000000000000000E-01  3.000000000000000E-01 -2.000000000000000E-01
       1      11  1.000000000000000E+00  8.000000000000000E-01  7.000000000000000E-01  2.000000000000000E-01  1.000000000000000E-01  5.000000000000000E+00  1.000000000000000E-01  3.000000000000000E-01 -2.000000000000000E-01
       2      12  1.000000000000000E+00  8.000000000000000E-01  7.000000000000000E-01  2.000000000000000E-01  1.000000000000000E-01  5.000000000000000E+00  1.000000000000000E-01  3.000000000000000E-01 -2.000000000000000E-01
       3      13  1.000000000000000E+00  8.000000000000000E-01  7.000000000000000E-01  2.000000000000000E-01  1.000000000000000E-01  5.000000000000000E+00  1.000000000000000E-01  3.000000000000000E-01 -2.000000000000000E-01
       4      14  1.000000000000000E+00  8.000000000000000E-01  7.000000000000000E-01  2.000000000000000E-01  1.000000000000000E-01  5.000000000000000E+00  1.000000000000000E-01  3.000000000000000E-01 -2.000000000000000E-01
       5      15  1.000000000000000E+00  8.000000000000000E-01  7.000000000000000E-01  2.000000000000000E-01  1.000000000000000E-01  5.000000000000000E+00  1.000000000000000E-01  3.000000000000000E-01 -2.000000000000000E-01
       6      16  1.000000000000000E+00  8.000000000000000E-01  7.000000000000000E-01  2.000000000000000E-01  1.000000000000000E-01  5.000000000000000E+00  1.000000000000000E-01  3.000000000000000E-01 -2.000000000000000E-01
       7      17  1.000000000000000E+00  8.000000000000000E-01  7.000000000000000E-01  2.000000000000000E-01  1.000000000000000E-01  5.000000000000000E+00  1.000000000000000E-01  3.000000000000000E-01 -2.000000000000000E-01
       8      18  1.000000000000000E+00  8.000000000000000E-01  7.000000000000000E-01  2.000000000000000E-01  1.000000000000000E-01  5.000000000000000E+00  1.000000000000000E-01  3.000000000000000E-01 -2.000000000000000E-01
       9      19  1.000000000000000E+00  8.000000000000000E-01  7.000000000000000E-01  2.000000000000000E-01  1.000000000000000E-01  5.000000000000000E+00  1.000000000000000E-01  3.000000000000000E-01 -2.000000000000000E-01
      10      20  1.000000000000000E+00  8.000000000000000E-01  7.000000000000000E-01  2.000000000000000E-01  1.000000000000000E-01  5.000000000000000E+00  1.000000000000000E-01  3.000000000000000E-01 -2.000000000000000E-01
      11      21  1.000000000000000E+00  8.000000000000000E-01  7.000000000000000E-01  2.000000000000000E-01  1.000000000000000E-01  5.000000000000000E+00  1.000000000000000E-01  3.000000000000000E-01 -2.000000000000000E-01
      12      22  1.000000000000000E+00  8.000000000000000E-01  7.000000000000000E-01  2.000000000000000E-01  1.000000000000000E-01  5.000000000000000E+00  1.000000000000000E-01  3.000000000000000E-01 -2.000000000000000E-01
      13      23  1.000000000000000E+00  8.000000000000000E-01  7.000000000000000E-01  2.000000000000000E-01  1.000000000000000E-01  5.000000000000000E+00  1.000000000000000E-01  3.000000000000000E-01 -2.000000000000000E-01
      14      24  1.000000000000000E+00  8.000000000000000E-01  7.000000000000000E-01  2.000000000000000E-01  1.000000000000000E-01  5.000000000000000E+00  1.000000000000000E-01  3.000000000000000E-01 -2.000000000000000E-01
      15      25  1.000000000000000E+00  8.000000000000000E-01  7.000000000000000E-01  2.000000000000000E-01  1.000000000000000E-01  5.000000000000000E+00  1.000000000000000E-01  3.000000000000000E-01 -2.000000000000000E-01
      16      26  1.000000000000000E+00  8.000000000000000E-01  7.000000000000000E-01  2.000000000000000E-01  1.000000000000000E-01  5.000000000000000E+00  1.000000000000000E-01  3.000000000000000E-01 -2.000000000000000E-01
      17      27  1.000000000000000E+00  8.000000000000000E-01  7.000000000000000E-01  2.000000000000000E-01  1.000000000000000E-01  5.000000000000000E+00  1.000000000000000E-01  3.000000000000000E-01 -2.000000000000000E-01
      18      28  1.000000000000000E+00  8.000000000000000E-01  7.000000000000000E-01  2.000000000000000E-01  1.000000000000000E-01  5.000000000000000E+00  1.000000000000000E-01  3.000000000000000E-01 -2.000000000000000E-01
      19      29  1.000000000000000E+00  8.000000000000000E-01  7.000000000000000E-01  2.000000000000000E-01  1.000000000000000E-01  5.000000000000000E+00  1.000000000000000E-01  3.000000000000000E-01 -2.000000000000000E-01
      20      30  1.000000000000000E+00  8.000000000000000E-01  7.000000000000000E-01  2.000000000000000E-01  1.000000000000000E-01  5.000000000000000E+00  1.000000000000000E-01  3.000000000000000E-01 -2.000000000000000E-01
      21      31  1.000000000000000E+00  8.000000000000000E-01  7.000000000000000E-01  2.000000000000000E-01  1.000000000000000E-01  5.000000000000000E+00  1.000000000000000E-01  3.000000000000000E-01 -2.000000000000000E-01
      22      32  1.000000000000000E+00  8.000000000000000E-01  7.000000000000000E-01  2.000000000000000E-01  1.000000000000000E-01  5.000000000000000E+00  1.000000000000000E-01  3.000000000000000E-01 -2.000000000000000E-01
      23      33  1.000000000000000E+00  8.000000000000000E-01  7.000000000000000E-01  2.000000000000000E-01  1.000000000000000E-01  5.000000000000000E+00  1.000000000000000E-01  3.000000000000000E-01 -2.000000000000000E-01
      24      34  1.000000000000000E+00  8.000000000000000E-01  7.000000000000000E-01  2.000000000000000E-01  1.000000000000000E-01  5.000000000000000E+00  1.000000000000000E-01  3.000000000000000E-01 -2.000000000000000E-01
      25      35  1.000000000000000E+00  8.000000000000000E-01  7.000000000000000E-01  2.000000000000000E-01  1.000000000000000E-01  5.000000000000000E+00  1.000000000000000E-01  3.000000000000000E-01 -2.000000000000000E-01
      26      36  1.000000000000000E+00  8.000000000000000E-01  7.000000000000000E-01  2.000000000000000E-01  1.000000000000000E-01  5.000000000000000E+00  1.000000000000000E-01  3.000000000000000E-01 -2.000000000000000E-01
      27      37  1.000000000000000E+00  8.000000000000000E-01  7.000000000000000E-01  2.000000000000000E-01  1.000000000000000E-01  5.000000000000000E+00  1.000000000000000E-01  3.000000000000000E-01 -2.000000000000000E-01
      28      38  1.000000000000000E+00  8.000000000000000E-01  7.000000000000000E-01  2.000000000000000E-01  1.000000000000000E-01  5.000000000000000E+00  1.000000000000000E-01  3.000000000000000E-01 -2.000000000000000E-01
      29      39  1.000000000000000E+00  8.000000000000000E-01  7.000000000000000E-01  2.000000000000000E-01  1.000000000000000E-01  5.000000000000000E+00  1.000000000000000E-01  3.000000000000000E-01 -2.000000000000000E-01
      30      40  1.000000000000000E+00  8.000000000000000E-01  7.000000000000000E-01  2.000000000000000E-01  1.000000000000000E-01  5.000000000000000E+00  1.000000000000000E-01  3.000000000000000E-01 -2.000000000000000E-01
      31      41  1.000000000000000E+00  8.000000000000000E-01  7.000000000000000E-01  2.000000000000000E-01  1.000000000000000E-01  5.000000000000000E+00  1.000000000000000E-01  3.000000000000000E-01 -2.000000000000000E-01
      32      42  1.000000000000000E+00  8.000000000000000E-01  7.000000000000000E-01  2.000000000000000E-01  1.000000000000000E-01  5.000000000000000E+00  1.000000000000000E-01  3.000000000000000E-01 -2.000000000000000E-01
      33      43  1.000000000000000E+00  8.000000000000000E-01  7.000000000000000E-01  2.000000000000000E-01  1.000000000000000E-01  5.000000000000000E+00  1.000000000000000E-01  3.000000000000000E-01 -2.000000000000000E-01
      34      44  1.000000000000000E+00  8.000000000000000E-01  7.000000000000000E-01  2.000000000000000E-01  1.000000000000000E-01  5.000000000000000E+00  1.000000000000000E-01  3.000000000000000E-01 -2.000000000000000E-01
      35      45  1.000000000000000E+00  8.000000000000000E-01  7.000000000000000E-01  2.000000000000000E-01  1.000000000000000E-01  5.000000000000000E+00  1.000000000000000E-01  3.000000000000000E-01 -2.000000000000000E-01
      36      46  1.000000000000000E+00  8.000000000000000E-01  7.000000000000000E-01  2.000000000000000E-01  1.000000000000000E-01  5.000000000000000E+00  1.000000000000000E-01  3.000000000000000E-01 -2.000000000000000E-01
      37      47  1.000000000000000E+00  8.000000000000000E-01  7.000000000000000E-01  2.000000000000000E-01  1.000000000000000E-01  5.000000000000000E+00  1.000000000000000E-01  3.000000000000000E-01 -2.000000000000000E-01
      38      48  1.000000000000000E+00  8.000000000000000E-01  7.000000000000000E-01  2.000000000000000E-01  1.000000000000000E-01  5.000000000000000E+00  1.000000000000000E-01  3.000000000000000E-01 -2.000000000000000E-01
      39      49  1.000000000000000E+00  8.000000000000000E-01  7.000000000000000E-01  2.000000000000000E-01  1.000000000000000E-01  5.000000000000000E+00  1.000000000000000E-01  3.000000000000000E-01 -2.000000000000000E-01
      40      50  1.000000000000000E+00  8.000000000000000E-01  7.000000000000000E-01  2.000000000000000E-01  1.000000000000000E-01  5.000000000000000E+00  1.000000000000000E-01  3.000000000000000E-01 -2.000000000000000E-01
      41      51  1.000000000000000E+00  8.000000000000000E-01  7.000000000000000E-01  2.000000000000000E-01  1.000000000000000E-01  5.000000000000000E+00  1.000000000000000E-01  3.000000000000000E-01 -2.000000000000000E-01
      42      52  1.000000000000000E+00  8.000000000000000E-01  7.000000000000000E-01  2.000000000000000E-01  1.000000000000000E-01  5.000000000000000E+00  1.000000000000000E-01  3.000000000000000E-01 -2.000000000000000E-01
      43      53  1.000000000000000E+00  8.000000000000000E-01  7.000000000000000E-01  2.000000000000000E-01  1.000000000000000E-01  5.000000000000000E+00  1.000000000000000E-01  3.000000000000000E-01 -2.000000000000000E-01
      44      54  1.000000000000000E+00  8.000000000000000E-01  7.000000000000000E-01  2.000000000000000E-01  1.000000000000000E-01  5.000000000000000E+00  1.000000000000000E-01  3.000000000000000E-01 -2.000000000000000E-01
      45      55  1.000000000000000E+00  8.000000000000000E-01  7.000000000000000E-01  2.000000000000000E-01  1.000000000000000E-01  5.000000000000000E+00  1.000000000000000E-01  3.000000000000000E-01 -2.000000000000000E-01
      46      56  1.000000000000000E+00  8.000000000000000E-01  7.000000000000000E-01  2.000000000000000E-01  1.000000000000000E-01  5.000000000000000E+00  1.000000000000000E-01  3.000000000000000E-01 -2.000000000000000E-01
      47      57  1.000000000000000E+00  8.000000000000000E-01  7.000000000000000E-01  2.000000000000000E-01  1.000000000000000E-01  5.000000000000000E+00  1.000000000000000E-01  3.000000000000000E-01 -2.000000000000000E-01
      48      58  1.000000000000000E+00  8.000000000000000E-01  7.000000000000000E-01  2.000000000000000E-01  1.000000000000000E-01  5.000000000000000E+00  1.000000000000000E-01  3.000000000000000E-01 -2.000000000000000E-01
      49      59  1.000000000000000E+00  8.000000000000000E-01  7.000000000000000E-01  2.000000000000000E-01  1.000000000000000E-01  5.000000000000000E+00  1.000000000000000E-01  3.000000000000000E-01 -2.000000000000000E-01
      50      60  1.000000000000000E+00  8.000000000000000E-01  7.000000000000000E-01  2.000000000000000E-01  1.000000000000000E-01  5.000000000000000E+00  1.000000000000000E-01  3.000000000000000E-01 -2.000000000000000E-01
      51      61  1.000000000000000E+00  8.000000000000000E-01  7.000000000000000E-01  2.000000000000000E-01  1.000000000000000E-01  5.000000000000000E+00  1.000000000000000E-01  3.000000000000000E-01 -2.000000000000000E-01
      52      62  1.000000000000000E+00  8.000000000000000E-01  7.000000000000000E-01  2.000000000000000E-01  1.000000000000000E-01  5.000000000000000E+00  1.000000000000000E-01  3.000000000000000E-01 -2.000000000000000E-01
      53      63  1.000000000000000E+00  8.000000000000000E-01  7.000000000000000E-01  2.000000000000000E-01  1.000000000000000E-01  5.000000000000000E+00  1.000000000000000E-01  3.000000000000000E-01 -2.000000000000000E-01
      54      64  1.000000000000000E+00  8.000000000000000E-01  7.000000000000000E-01  2.000000000000000E-01  1.000000000000000E-01  5.000000000000000E+00  1.000000000000000E-01  3.000000000000000E-01 -2.000000000000000E-01
      55      65  1.000000000000000E+00  8.000000000000000E-01  7.000000000000000E-01  2.000000000000000E-01  1.000000000000000E-01  5.000000000000000E+00  1.000000000000000E-01  3.000000000000000E-01 -2.000000000000000E-01
      56      66  1.000000000000000E+00  8.000000000000000E-01  7.000000000000000E-01  2.000000000000000E-01  1.000000000000000E-01  5.000000000000000E+00  1.000000000000000E-01  3.000000000000000E-01 -2.000000000000000E-01
      57      67  1.000000000000000E+00  8.000000000000000E-01  7.000000000000000E-01  2.000000000000000E-01  1.000000000000000E-01  5.000000000000000E+00  1.000000000000000E-01  3.000000000000000E-01 -2.000000000000000E-01
      58      68  1.000000000000000E+00  8.000000000000000E-01  7.000000000000000E-01  2.000000000000000E-01  1.000000000000000E-01  5.000000000000000E+00  1.000000000000000E-01  3.000000000000000E-01 -2.000000000000000E-01
      59      69  1.000000000000000E+00  8.000000000000000E-01  7.000000000000000E-01  2.000000000000000E-01  1.000000000000000E-01  5.000000000000000E+00  1.000000000000000E-01  3.000000000000000E-01 -2.000000000000000E-01
      60      70  1.000000000000000E+00  8.000000000000000E-01  7.000000000000000E-01  2.000000000000000E-01  1.000000000000000E-01  5.000000000000000E+00  1.000000000000000E-01  3.000000000000000E-01 -2.000000000000000E-01
      61      71  1.000000000000000E+00  8.000000000000000E-01  7.000000000000000E-01  2.000000000000000E-01  1.000000000000000E-01  5.000000000000000E+00  1.000000000000000E-01  3.000000000000000E-01 -2.000000000000000E-01
      62      72  1.000000000000000E+00  8.000000000000000E-01  7.000000000000000E-01  2.000000000000000E-01  1.000000000000000E-01  5.000000000000000E+00  1.000000000000000E-01  3.000000000000000E-01 -2.000000000000000E-01
      63      73  1.000000000000000E+00  8.000000000000000E-01  7.000000000000000E-01  2.000000000000000E-01  1.000000000000000E-01  5.000000000000000E+00  1.000000000000000E-01  3.000000000000000E-01 -2.000000000000000E-01
      64      74  1.000000000000000E+00  8.000000000000000E-01  7.000000000000000E-01  2.000000000000000E-01  1.000000000000000E-01  5.000000000000000E+00  1.000000000000000E-01  3.000000000000000E-01 -2.000000000000000E-01
      65      75  1.000000000000000E+00  8.000000000000000E-01  7.000000000000000E-01  2.000000000000000E-01  1.000000000000000E-01  5.000000000000000E+00  1.000000000000000E-01  3.000000000000000E-01 -2.000000000000000E-01
      66      76  1.000000000000000E+00  8.000000000000000E-01  7.000000000000000E-01  2.000000000000000E-01  1.000000000000000E-01  5.000000000000000E+00  1.000000000000000E-01  3.000000000000000E-01 -2.000000000000000E-01
      67      77  1.000000000000000E+00  8.000000000000000E-01  7.000000000000000E-01  2.000000000000000E-01  1.000000000000000E-01  5.000000000000000E+00  1.000000000000000E-01  3.000000000000000E-01 -2.000000000000000E-01
      68      78  1.000000000000000E+00  8.000000000000000E-01  7.000000000000000E-01  2.000000000000000E-01  1.000000000000000E-01  5.000000000000000E+00  1.000000000000000E-01  3.000000000000000E-01 -2.000000000000000E-01
      69      79  1.000000000000000E+00  8.000000000000000E-01  7.000000000000000E-01  2.000000000000000E-01  1.000000000000000E-01  5.000000000000000E+00  1.000000000000000E-01  3.000000000000000E-01 -2.000000000000000E-01
      70      80  1.000000000000000E+00  8.000000000000000E-01  7.000000000000000E-01  2.000000000000000E-01  1.000000000000000E-01  5.000000000000000E+00  1.000000000000000E-01  3.000000000000000E-01 -2.000000000000000E-01
      71      81  1.000000000000000E+00  8.000000000000000E-01  7.000000000000000E-01  2.000000000000000E-01  1.000000000000000E-01  5.000000000000000E+00  1.000000000000000E-01  3.000000000000000E-01 -2.000000000000000E-01
      72      82  1.000000000000000E+00  8.000000000000000E-01  7.000000000000000E-01  2.000000000000000E-01  1.000000000000000E-01  5.000000000000000E+00  1.000000000000000E-01  3.000000000000000E-01 -2.000000000000000E-01
      73      83  1.000000000000000E+00  8.000000000000000E-01  7.000000000000000E-01  2.000000000000000E-01  1.000000000000000E-01  5.000000000000000E+00  1.000000000000000E-01  3.000000000000000E-01 -2.000000000000000E-01
      74      84  1.000000000000000E+00  8.000000000000000E-01  7.000000000000000E-01  2.000000000000000E-01  1.000000000000000E-01  5.000000000000000E+00  1.000000000000000E-01  3.000000000000000E-01 -2.000000000000000E-01
      75      85  1.000000000000000E+00  8.000000000000000E-01  7.000000000000000E-01  2.000000000000000E-01  1.000000000000000E-01  5.000000000000000E+00  1.000000000000000E-01  3.000000000000000E-01 -2.000000000000000E-01
      76      86  1.000000000000000E+00  8.000000000000000E-01  7.000000000000000E-01  2.000000000000000E-01  1.000000000000000E-01  5.000000000000000E+00  1.000000000000000E-01  3.000000000000000E-01 -2.000000000000000E-01
      77      87  1.000000000000000E+00  8.000000000000000E-01  7.000000000000000E-01  2.000000000000000E-01  1.000000000000000E-01  5.000000000000000E+00  1.000000000000000E-01  3.000000000000000E-01 -2.000000000000000E-01
      78      88  1.000000000000000E+00  8.000000000000000E-01  7.000000000000000E-01  2.000000000000000E-01  1.000000000000000E-01  5.000000000000000E+00  1.000000000000000E-01  3.000000000000000E-01 -2.000000000000000E-01
      79      89  1.000000000000000E+00  8.000000000000000E-01  7.000000000000000E-01  2.000000000000000E-01  1.000000000000000E-01  5.000000000000000E+00  1.000000000000000E-01  3.000000000000000E-01 -2.000000000000000E-01
      80      90  1.000000000000000E+00  8.000000000000000E-01  7.000000000000000E-01  2.000000000000000E-01  1.000000000000000E-01  5.000000000000000E+00  1.000000000000000E-01  3.000000000000000E-01 -2.000000000000000E-01
      81      91  1.000000000000000E+00  8.000000000000000E-01  7.000000000000000E-01  2.000000000000000E-01  1.000000000000000E-01  5.000000000000000E+00  1.000000000000000E-01  3.000000000000000E-01 -2.000000000000000E-01
      82      92  1.000000000000000E+00  8.000000000000000E-01  7.000000000000000E-01  2.000000000000000E-01  1.000000000000000E-01  5.000000000000000E+00  1.000000000000000E-01  3.000000000000000E-01 -2.000000000000000E-01
      83      93  1.000000000000000E+00  8.000000000000000E-01  7.000000000000000E-01  2.000000000000000E-01  1.000000000000000E-01  5.000000000000000E+00  1.000000000000000E-01  3.000000000000000E-01 -2.000000000000000E-01
      84      94  1.000000000000000E+00  8.000000000000000E-01  7.000000000000000E-01  2.000000000000000E-01  1.000000000000000E-01  5.000000000000000E+00  1.000000000000000E-01  3.000000000000000E-01 -2.000000000000000E-01
      85      95  1.000000000000000E+00  8.000000000000000E-01  7.000000000000000E-01  2.000000000000000E-01  1.000000000000000E-01  5.000000000000000E+00  1.000000000000000E-01  3.000000000000000E-01 -2.000000000000000E-01
      86      96  1.000000000000000E+00  8.000000000000000E-01  7.000000000000000E-01  2.000000000000000E-01  1.000000000000000E-01  5.000000000000000E+00  1.000000000000000E-01  3.000000000000000E-01 -2.000000000000000E-01
      87      97  1.000000000000000E+00  8.000000000000000E-01  7.000000000000000E-01  2.000000000000000E-01  1.000000000000000E-01  5.000000000000000E+00  1.000000000000000E-01  3.000000000000000E-01 -2.000000000000000E-01
      88      98  1.000000000000000E+00  8.000000000000000E-01  7.000000000000000E-01  2.000000000000000E-01  1.000000000000000E-01  5.000000000000000E+00  1.000000000000000E-01  3.000000000000000E-01 -2.000000000000000E-01
      89      99  1.000000000000000E+00  8.000000000000000E-01  7.000000000000000E-01  2.000000000000000E-01  1.000000000000000E-01  5.000000000000000E+00  1.000000000000000E-01  3.000000000000000E-01 -2.000000000000000E-01
      90     100  1.000000000000000E+00  8.000000000000000E-01  7.000000000000000E-01  2.000000000000000E-01  1.000000000000000E-01  5.000000000000000E+00  1.000000000000000E-01  3.000000000000000E-01 -2.000000000000000E-01
      91       1  1.000000000000000E+00  8.000000000000000E-01  7.000000000000000E-01  2.000000000000000E-01  1.000000000000000E-01  5.000000000000000E+00  1.000000000000000E-01  3.000000000000000E-01 -2.000000000000000E-01
      92       2  1.000000000000000E+00  8.000000000000000E-01  7.000000000000000E-01  2.000000000000000E-01  1.000000000000000E-01  5.000000000000000E+00  1.000000000000000E-01  3.000000000000000E-01 -2.000000000000000E-01
      93       3  1.000000000000000E+00  8.000000000000000E-01  7.000000000000000E-01  2.000000000000000E-01  1.000000000000000E-01  5.000000000000000E+00  1.000000000000000E-01  3.000000000000000E-01 -2.000000000000000E-01
      94       4  1.000000000000000E+00  8.000000000000000E-01  7.000000000000000E-01  2.000000000000000E-01  1.000000000000000E-01  5.000000000000000E+00  1.000000000000000E-01  3.000000000000000E-01 -2.000000000000000E-01
      95       5  1.000000000000000E+00  8.000000000000000E-01  7.000000000000000E-01  2.000000000000000E-01  1.000000000000000E-01  5.000000000000000E+00  1.000000000000000E-01  3.000000000000000E-01 -2.000000000000000E-01
      96       6  1.000000000000000E+00  8.000000000000000E-01  7.000000000000000E-01  2.000000000000000E-01  1.000000000000000E-01  5.000000000000000E+00  1.000000000000000E-01  3.000000000000000E-01 -2.000000000000000E-01
      97       7  1.000000000000000E+00  8.000000000000000E-01  7.000000000000000E-01  2.000000000000000E-01  1.000000000000000E-01  5.000000000000000E+00  1.000000000000000E-01  3.000000000000000E-01 -2.000000000000000E-01
      98       8  1.000000000000000E+00  8.000000000000000E-01  7.000000000000000E-01  2.000000000000000E-01  1.000000000000000E-01  5.000000000000000E+00  1.000000000000000E-01  3.000000000000000E-01 -2.000000000000000E-01
      99       9  1.000000000000000E+00  8.000000000000000E-01  7.000000000000000E-01  2.000000000000000E-01  1.000000000000000E-01  5.000000000000000E+00  1.000000000000000E-01  3.000000000000000E-01 -2.000000000000000E-01
     100      10  1.000000000000000E+00  8.000000000000000E-01  7.000000000000000E-01  2.000000000000000E-01  1.000000000000000E-01  5.000000000000000E+00  1.000000000000000E-01  3.000000000000000E-01 -2.000000000000000E-01
       1      20  1.000000000000000E+00  8.000000000000000E-01  7.000000000000000E-01  2.000000000000000E-01  1.000000000000000E-01  5.000000000000000E+00  1.000000000000000E-01  3.000000000000000E-01 -2.000000000000000E-01
       2      11  1.000000000000000E+00  8.000000000000000E-01  7.000000000000000E-01  2.000000000000000E-01  1.000000000000000E-01  5.000000000000000E+00  1.000000000000000E-01  3.000000000000000E-01 -2.000000000000000E-01
       3      12  1.000000000000000E+00  8.000000000000000E-01  7.000000000000000E-01  2.000000000000000E-01  1.000000000000000E-01  5.000000000000000E+00  1.000000000000000E-01  3.000000000000000E-01 -2.000000000000000E-01
       4      13  1.000000000000000E+00  8.000000000000000E-01  7.000000000000000E-01  2.000000000000000E-01  1.000000000000000E-01  5.000000000000000E+00  1.000000000000000E-01  3.000000000000000E-01 -2.000000000000000E-01
       5      14  1.000000000000000E+00  8.000000000000000E-01  7.000000000000000E-01  2.000000000000000E-01  1.000000000000000E-01  5.000000000000000E+00  1.000000000000000E-01  3.000000000000000E-01 -2.000000000000000E-01
       6      15  1.000000000000000E+00  8.000000000000000E-01  7.000000000000000E-01  2.000000000000000E-01  1.000000000000000E-01  5.000000000000000E+00  1.000000000000000E-01  3.000000000000000E-01 -2.000000000000000E-01
       7      16  1.000000000000000E+00  8.000000000000000E-01  7.000000000000000E-01  2.000000000000000E-01  1.000000000000000E-01  5.000000000000000E+00  1.000000000000000E-01  3.000000000000000E-01 -2.000000000000000E-01
       8      17  1.000000000000000E+00  8.000000000000000E-01  7.000000000000000E-01  2.000000000000000E-01  1.000000000000000E-01  5.000000000000000E+00  1.000000000000000E-01  3.000000000000000E-01 -2.000000000000000E-01
       9      18  1.000000000000000E+00  8.000000000000000E-01  7.000000000000000E-01  2.000000000000000E-01  1.000000000000000E-01  5.000000000000000E+00  1.000000000000000E-01  3.000000000000000E-01 -2.000000000000000E-01
      10      19  1.000000000000000E+00  8.000000000000000E-01  7.000000000000000E-01  2.000000000000000E-01  1.000000000000000E-01  5.000000000000000E+00  1.000000000000000E-01  3.000000000000000E-01 -2.000000000000000E-01
      11      30  1.000000000000000E+00  8.000000000000000E-01  7.000000000000000E-01  2.000000000000000E-01  1.000000000000000E-01  5.000000000000000E+00  1.000000000000000E-01  3.000000000000000E-01 -2.000000000000000E-01
      12      21  1.000000000000000E+00  8.000000000000000E-01  7.000000000000000E-01  2.000000000000000E-01  1.000000000000000E-01  5.000000000000000E+00  1.000000000000000E-01  3.000000000000000E-01 -2.000000000000000E-01
      13      22  1.000000000000000E+00  8.000000000000000E-01  7.000000000000000E-01  2.000000000000000E-01  1.000000000000000E-01  5.000000000000000E+00  1.000000000000000E-01  3.000000000000000E-01 -2.000000000000000E-01
      14      23  1.000000000000000E+00  8.000000000000000E-01  7.000000000000000E-01  2.000000000000000E-01  1.000000000000000E-01  5.000000000000000E+00  1.000000000000000E-01  3.000000000000000E-01 -2.000000000000000E-01
      15      24  1.000000000000000E+00  8.000000000000000E-01  7.000000000000000E-01  2.000000000000000E-01  1.000000000000000E-01  5.000000000000000E+00  1.000000000000000E-01  3.000000000000000E-01 -2.000000000000000E-01
      16      25  1.000000000000000E+00  8.000000000000000E-01  7.000000000000000E-01  2.000000000000000E-01  1.000000000000000E-01  5.000000000000000E+00  1.000000000000000E-01  3.000000000000000E-01 -2.000000000000000E-01
      17      26  1.000000000000000E+00  8.000000000000000E-01  7.000000000000000E-01  2.000000000000000E-01  1.000000000000000E-01  5.000000000000000E+00  1.000000000000000E-01  3.000000000000000E-01 -2.000000000000000E-01
      18      27  1.000000000000000E+00  8.000000000000000E-01  7.000000000000000E-01  2.000000000000000E-01  1.000000000000000E-01  5.000000000000000E+00  1.000000000000000E-01  3.000000000000000E-01 -2.000000000000000E-01
      19      28  1.000000000000000E+00  8.000000000000000E-01  7.000000000000000E-01  2.000000000000000E-01  1.000000000000000E-01  5.000000000000000E+00  1.000000000000000E-01  3.000000000000000E-01 -2.000000000000000E-01
      20      29  1.000000000000000E+00  8.000000000000000E-01  7.000000000000000E-01  2.000000000000000E-01  1.000000000000000E-01  5.000000000000000E+00  1.000000000000000E-01  3.000000000000000E-01 -2.000000000000000E-01
      21      40  1.000000000000000E+00  8.000000000000000E-01  7.000000000000000E-01  2.000000000000000E-01  1.000000000000000E-01  5.000000000000000E+00  1.000000000000000E-01  3.000000000000000E-01 -2.000000000000000E-01
      22      31  1.000000000000000E+00  8.000000000000000E-01  7.000000000000000E-01  2.000000000000000E-01  1.000000000000000E-01  5.000000000000000E+00  1.000000000000000E-01  3.000000000000000E-01 -2.000000000000000E-01
      23      32  1.000000000000000E+00  8.000000000000000E-01  7.000000000000000E-01  2.000000000000000E-01  1.000000000000000E-01  5.000000000000000E+00  1.000000000000000E-01  3.000000000000000E-01 -2.000000000000000E-01
      24      33  1.000000000000000E+00  8.000000000000000E-01  7.000000000000000E-01  2.000000000000000E-01  1.000000000000000E-01  5.000000000000000E+00  1.000000000000000E-01  3.000000000000000E-01 -2.000000000000000E-01
      25      34  1.000000000000000E+00  8.000000000000000E-01  7.000000000000000E-01  2.000000000000000E-01  1.000000000000000E-01  5.000000000000000E+00  1.000000000000000E-01  3.000000000000000E-01 -2.000000000000000E-01
      26      35  1.000000000000000E+00  8.000000000000000E-01  7.000000000000000E-01  2.000000000000000E-01  1.000000000000000E-01  5.000000000000000E+00  1.000000000000000E-01  3.000000000000000E-01 -2.000000000000000E-01
      27      36  1.000000000000000E+00  8.000000000000000E-01  7.000000000000000E-01  2.000000000000000E-01  1.000000000000000E-01  5.000000000000000E+00  1.000000000000000E-01  3.000000000000000E-01 -2.000000000000000E-01
      28      37  1.000000000000000E+00  8.000000000000000E-01  7.000000000000000E-01  2.000000000000000E-01  1.000000000000000E-01  5.000000000000000E+00  1.000000000000000E-01  3.000000000000000E-01 -2.000000000000000E-01
      29      38  1.000000000000000E+00  8.000000000000000E-01  7.000000000000000E-01  2.000000000000000E-01  1.000000000000000E-01  5.000000000000000E+00  1.000000000000000E-01  3.000000000000000E-01 -2.000000000000000E-01
      30      39  1.000000000000000E+00  8.000000000000000E-01  7.000000000000000E-01  2.000000000000000E-01  1.000000000000000E-01  5.000000000000000E+00  1.000000000000000E-01  3.000000000000000E-01 -2.000000000000000E-01
      31      50  1.000000000000000E+00  8.000000000000000E-01  7.000000000000000E-01  2.000000000000000E-01  1.000000000000000E-01  5.000000000000000E+00  1.000000000000000E-01  3.000000000000000E-01 -2.000000000000000E-01
      32      41  1.000000000000000E+00  8.000000000000000E-01  7.000000000000000E-01  2.000000000000000E-01  1.000000000000000E-01  5.000000000000000E+00  1.000000000000000E-01  3.000000000000000E-01 -2.000000000000000E-01
      33      42  1.000000000000000E+00  8.000000000000000E-01  7.000000000000000E-01  2.000000000000000E-01  1.000000000000000E-01  5.000000000000000E+00  1.000000000000000E-01  3.000000000000000E-01 -2.000000000000000E-01
      34      43  1.000000000000000E+00  8.000000000000000E-01  7.000000000000000E-01  2.000000000000000E-01  1.000000000000000E-01  5.000000000000000E+00  1.000000000000000E-01  3.000000000000000E-01 -2.000000000000000E-01
      35      44  1.000000000000000E+00  8.000000000000000E-01  7.000000000000000E-01  2.000000000000000E-01  1.000000000000000E-01  5.000000000000000E+00  1.000000000000000E-01  3.000000000000000E-01 -2.000000000000000E-01
      36      45  1.000000000000000E+00  8.000000000000000E-01  7.000000000000000E-01  2.000000000000000E-01  1.000000000000000E-01  5.000000000000000E+00  1.000000000000000E-01  3.000000000000000E-01 -2.000000000000000E-01
      37      46  1.000000000000000E+00  8.000000000000000E-01  7.000000000000000E-01  2.000000000000000E-01  1.000000000000000E-01  5.000000000000000E+00  1.000000000000000E-01  3.000000000000000E-01 -2.000000000000000E-01
      38      47  1.000000000000000E+00  8.000000000000000E-01  7.000000000000000E-01  2.000000000000000E-01  1.000000000000000E-01  5.000000000000000E+00  1.000000000000000E-01  3.000000000000000E-01 -2.000000000000000E-01
      39      48  1.000000000000000E+00  8.000000000000000E-01  7.000000000000000E-01  2.000000000000000E-01  1.000000000000000E-01  5.000000000000000E+00  1.000000000000000E-01  3.000000000000000E-01 -2.000000000000000E-01
      40      49  1.000000000000000E+00  8.000000000000000E-01  7.000000000000000E-01  2.000000000000000E-01  1.000000000000000E-01  5.000000000000000E+00  1.000000000000000E-01  3.000000000000000E-01 -2.000000000000000E-01
      41      60  1.000000000000000E+00  8.000000000000000E-01  7.000000000000000E-01  2.000000000000000E-01  1.000000000000000E-01  5.000000000000000E+00  1.000000000000000E-01  3.000000000000000E-01 -2.000000000000000E-01
      42      51  1.000000000000000E+00  8.000000000000000E-01  7.000000000000000E-01  2.000000000000000E-01  1.000000000000000E-01  5.000000000000000E+00  1.000000000000000E-01  3.000000000000000E-01 -2.000000000000000E-01
      43      52  1.000000000000000E+00  8.000000000000000E-01  7.000000000000000E-01  2.000000000000000E-01  1.000000000000000E-01  5.000000000000000E+00  1.000000000000000E-01  3.000000000000000E-01 -2.000000000000000E-01
      44      53  1.000000000000000E+00  8.000000000000000E-01  7.000000000000000E-01  2.000000000000000E-01  1.000000000000000E-01  5.000000000000000E+00  1.000000000000000E-01  3.000000000000000E-01 -2.000000000000000E-01
      45      54  1.000000000000000E+00  8.000000000000000E-01  7.000000000000000E-01  2.000000000000000E-01  1.000000000000000E-01  5.000000000000000E+00  1.000000000000000E-01  3.000000000000000E-01 -2.000000000000000E-01
      46      55  1.000000000000000E+00  8.000000000000000E-01  7.000000000000000E-01  2.000000000000000E-01  1.000000000000000E-01  5.000000000000000E+00  1.000000000000000E-01  3.000000000000000E-01 -2.000000000000000E-01
      47      56  1.000000000000000E+00  8.000000000000000E-01  7.000000000000000E-01  2.000000000000000E-01  1.000000000000000E-01  5.000000000000000E+00  1.000000000000000E-01  3.000000000000000E-01 -2.000000000000000E-01
      48      57  1.000000000000000E+00  8.000000000000000E-01  7.000000000000000E-01  2.000000000000000E-01  1.000000000000000E-01  5.000000000000000E+00  1.000000000000000E-01  3.000000000000000E-01 -2.000000000000000E-01
      49      58  1.000000000000000E+00  8.000000000000000E-01  7.000000000000000E-01  2.000000000000000E-01  1.000000000000000E-01  5.000000000000000E+00  1.000000000000000E-01  3.000000000000000E-01 -2.000000000000000E-01
      50      59  1.000000000000000E+00  8.000000000000000E-01  7.000000000000000E-01  2.000000000000000E-01  1.000000000000000E-01  5.000000000000000E+00  1.000000000000000E-01  3.000000000000000E-01 -2.000000000000000E-01
      51      70  1.000000000000000E+00  8.000000000000000E-01  7.000000000000000E-01  2.000000000000000E-01  1.000000000000000E-01  5.000000000000000E+00  1.000000000000000E-01  3.000000000000000E-01 -2.000000000000000E-01
      52      61  1.000000000000000E+00  8.000000000000000E-01  7.000000000000000E-01  2.000000000000000E-01  1.000000000000000E-01  5.000000000000000E+00  1.000000000000000E-01  3.000000000000000E-01 -2.000000000000000E-01
      53      62  1.000000000000000E+00  8.000000000000000E-01  7.000000000000000E-01  2.000000000000000E-01  1.000000000000000E-01  5.000000000000000E+00  1.000000000000000E-01  3.000000000000000E-01 -2.000000000000000E-01
      54      63  1.000000000000000E+00  8.000000000000000E-01  7.000000000000000E-01  2.000000000000000E-01  1.000000000000000E-01  5.000000000000000E+00  1.000000000000000E-01  3.000000000000000E-01 -2.000000000000000E-01
      55      64  1.000000000000000E+00  8.000000000000000E-01  7.000000000000000E-01  2.000000000000000E-01  1.000000000000000E-01  5.000000000000000E+00  1.000000000000000E-01  3.000000000000000E-01 -2.000000000000000E-01
      56      65  1.000000000000000E+00  8.000000000000000E-01  7.000000000000000E-01  2.000000000000000E-01  1.000000000000000E-01  5.000000000000000E+00  1.000000000000000E-01  3.000000000000000E-01 -2.000000000000000E-01
      57      66  1.000000000000000E+00  8.000000000000000E-01  7.000000000000000E-01  2.000000000000000E-01  1.000000000000000E-01  5.000000000000000E+00  1.000000000000000E-01  3.000000000000000E-01 -2.000000000000000E-01
      58      67  1.000000000000000E+00  8.000000000000000E-01  7.000000000000000E-01  2.000000000000000E-01  1.000000000000000E-01  5.000000000000000E+00  1.000000000000000E-01  3.000000000000000E-01 -2.000000000000000E-01
      59      68  1.000000000000000E+00  8.000000000000000E-01  7.000000000000000E-01  2.000000000000000E-01  1.000000000000000E-01  5.000000000000000E+00  1.000000000000000E-01  3.000000000000000E-01 -2.000000000000000E-01
      60      69  1.000000000000000E+00  8.000000000000000E-01  7.000000000000000E-01  2.000000000000000E-01  1.000000000000000E-01  5.000000000000000E+00  1.000000000000000E-01  3.000000000000000E-01 -2.000000000000000E-01
      61      80  1.000000000000000E+00  8.000000000000000E-01  7.000000000000000E-01  2.000000000000000E-01  1.000000000000000E-01  5.000000000000000E+00  1.000000000000000E-01  3.000000000000000E-01 -2.000000000000000E-01
      62      71  1.000000000000000E+00  8.000000000000000E-01  7.000000000000000E-01  2.000000000000000E-01  1.000000000000000E-01  5.000000000000000E+00  1.000000000000000E-01  3.000000000000000E-01 -2.000000000000000E-01
      63      72  1.000000000000000E+00  8.000000000000000E-01  7.000000000000000E-01  2.000000000000000E-01  1.000000000000000E-01  5.000000000000000E+00  1.000000000000000E-01  3.000000000000000E-01 -2.000000000000000E-01
      64      73  1.000000000000000E+00  8.000000000000000E-01  7.000000000000000E-01  2.000000000000000E-01  1.000000000000000E-01  5.000000000000000E+00  1.000000000000000E-01  3.000000000000000E-01 -2.000000000000000E-01
      65      74  1.000000000000000E+00  8.000000000000000E-01  7.000000000000000E-01  2.000000000000000E-01  1.000000000000000E-01  5.000000000000000E+00  1.000000000000000E-01  3.000000000000000E-01 -2.000000000000000E-01
      66      75  1.000000000000000E+00  8.000000000000000E-01  7.000000000000000E-01  2.000000000000000E-01  1.000000000000000E-01  5.000000000000000E+00  1.000000000000000E-01  3.000000000000000E-01 -2.000000000000000E-01
      67      76  1.000000000000000E+00  8.000000000000000E-01  7.000000000000000E-01  2.000000000000000E-01  1.000000000000000E-01  5.000000000000000E+00  1.000000000000000E-01  3.000000000000000E-01 -2.000000000000000E-01
      68      77  1.000000000000000E+00  8.000000000000000E-01  7.000000000000000E-01  2.000000000000000E-01  1.000000000000000E-01  5.000000000000000E+00  1.000000000000000E-01  3.000000000000000E-01 -2.000000000000000E-01
      69      78  1.000000000000000E+00  8.000000000000000E-01  7.000000000000000E-01  2.000000000000000E-01  1.000000000000000E-01  5.000000000000000E+00  1.000000000000000E-01  3.000000000000000E-01 -2.000000000000000E-01
      70      79  1.000000000000000E+00  8.000000000000000E-01  7.000000000000000E-01  2.000000000000000E-01  1.000000000000000E-01  5.000000000000000E+00  1.000000000000000E-01  3.000000000000000E-01 -2.000000000000000E-01
      71      90  1.000000000000000E+00  8.000000000000000E-01  7.000000000000000E-01  2.000000000000000E-01  1.000000000000000E-01  5.000000000000000E+00  1.000000000000000E-01  3.000000000000000E-01 -2.000000000000000E-01
      72      81  1.000000000000000E+00  8.000000000000000E-01  7.000000000000000E-01  2.000000000000000E-01  1.000000000000000E-01  5.000000000000000E+00  1.000000000000000E-01  3.000000000000000E-01 -2.000000000000000E-01
      73      82  1.000000000000000E+00  8.000000000000000E-01  7.000000000000000E-01  2.000000000000000E-01  1.000000000000000E-01  5.000000000000000E+00  1.000000000000000E-01  3.000000000000000E-01 -2.000000000000000E-01
      74      83  1.000000000000000E+00  8.000000000000000E-01  7.000000000000000E-01  2.000000000000000E-01  1.000000000000000E-01  5.000000000000000E+00  1.000000000000000E-01  3.000000000000000E-01 -2.000000000000000E-01
      75      84  1.000000000000000E+00  8.000000000000000E-01  7.000000000000000E-01  2.000000000000000E-01  1.000000000000000E-01  5.000000000000000E+00  1.000000000000000E-01  3.000000000000000E-01 -2.000000000000000E-01
      76      85  1.000000000000000E+00  8.000000000000000E-01  7.000000000000000E-01  2.000000000000000E-01  1.000000000000000E-01  5.000000000000000E+00  1.000000000000000E-01  3.000000000000000E-01 -2.000000000000000E-01
      77      86  1.000000000000000E+00  8.000000000000000E-01  7.000000000000000E-01  2.000000000000000E-01  1.000000000000000E-01  5.000000000000000E+00  1.000000000000000E-01  3.000000000000000E-01 -2.000000000000000E-01
      78      87  1.000000000000000E+00  8.000000000000000E-01  7.000000000000000E-01  2.000000000000000E-01  1.000000000000000E-01  5.000000000000000E+00  1.000000000000000E-01  3.000000000000000E-01 -2.000000000000000E-01
      79      88  1.000000000000000E+00  8.000000000000000E-01  7.000000000000000E-01  2.000000000000000E-01  1.000000000000000E-01  5.000000000000000E+00  1.000000000000000E-01  3.000000000000000E-01 -2.000000000000000E-01
      80      89  1.000000000000000E+00  8.000000000000000E-01  7.000000000000000E-01  2.000000000000000E-01  1.000000000000000E-01  5.000000000000000E+00  1.000000000000000E-01  3.000000000000000E-01 -2.000000000000000E-01
      81     100  1.000000000000000E+00  8.000000000000000E-01  7.000000000000000E-01  2.000000000000000E-01  1.000000000000000E-01  5.000000000000000E+00  1.000000000000000E-01  3.000000000000000E-01 -2.000000000000000E-01
      82      91  1.000000000000000E+00  8.000000000000000E-01  7.000000000000000E-01  2.000000000000000E-01  1.000000000000000E-01  5.000000000000000E+00  1.000000000000000E-01  3.000000000000000E-01 -2.000000000000000E-01
      83      92  1.000000000000000E+00  8.000000000000000E-01  7.000000000000000E-01  2.000000000000000E-01  1.000000000000000E-01  5.000000000000000E+00  1.000000000000000E-01  3.000000000000000E-01 -2.000000000000000E-01
      84      93  1.000000000000000E+00  8.000000000000000E-01  7.000000000000000E-01  2.000000000000000E-01  1.000000000000000E-01  5.000000000000000E+00  1.000000000000000E-01  3.000000000000000E-01 -2.000000000000000E-01
      85      94  1.000000000000000E+00  8.000000000000000E-01  7.000000000000000E-01  2.000000000000000E-01  1.000000000000000E-01  5.000000000000000E+00  1.000000000000000E-01  3.000000000000000E-01 -2.000000000000000E-01
      86      95  1.000000000000000E+00  8.000000000000000E-01  7.000000000000000E-01  2.000000000000000E-01  1.000000000000000E-01  5.000000000000000E+00  1.000000000000000E-01  3.000000000000000E-01 -2.000000000000000E-01
      87      96  1.000000000000000E+00  8.000000000000000E-01  7.000000000000000E-01  2.000000000000000E-01  1.000000000000000E-01  5.000000000000000E+00  1.000000000000000E-01  3.000000000000000E-01 -2.000000000000000E-01
      88      97  1.000000000000000E+00  8.000000000000000E-01  7.000000000000000E-01  2.000000000000000E-01  1.000000000000000E-01  5.000000000000000E+00  1.000000000000000E-01  3.000000000000000E-01 -2.000000000000000E-01
      89      98  1.000000000000000E+00  8.000000000000000E-01  7.000000000000000E-01  2.000000000000000E-01  1.000000000000000E-01  5.000000000000000E+00  1.000000000000000E-01  3.000000000000000E-01 -2.000000000000000E-01
      90      99  1.000000000000000E+00  8.000000000000000E-01  7.000000000000000E-01  2.000000000000000E-01  1.000000000000000E-01  5.000000000000000E+00  1.000000000000000E-01  3.000000000000000E-01 -2.000000000000000E-01
      91      10  1.000000000000000E+00  8.000000000000000E-01  7.000000000000000E-01  2.000000000000000E-01  1.000000000000000E-01  5.000000000000000E+00  1.000000000000000E-01  3.000000000000000E-01 -2.000000000000000E-01
      92       1  1.000000000000000E+00  8.000000000000000E-01  7.000000000000000E-01  2.000000000000000E-01  1.000000000000000E-01  5.000000000000000E+00  1.000000000000000E-01  3.000000000000000E-01 -2.000000000000000E-01
      93       2  1.000000000000000E+00  8.000000000000000E-01  7.000000000000000E-01  2.000000000000000E-01  1.000000000000000E-01  5.000000000000000E+00  1.000000000000000E-01  3.000000000000000E-01 -2.000000000000000E-01
      94       3  1.000000000000000E+00  8.000000000000000E-01  7.000000000000000E-01  2.000000000000000E-01  1.000000000000000E-01  5.000000000000000E+00  1.000000000000000E-01  3.000000000000000E-01 -2.000000000000000E-01
      95       4  1.000000000000000E+00  8.000000000000000E-01  7.000000000000000E-01  2.000000000000000E-01  1.000000000000000E-01  5.000000000000000E+00  1.000000000000000E-01  3.000000000000000E-01 -2.000000000000000E-01
      96       5  1.000000000000000E+00  8.000000000000000E-01  7.000000000000000E-01  2.000000000000000E-01  1.000000000000000E-01  5.000000000000000E+00  1.000000000000000E-01  3.000000000000000E-01 -2.000000000000000E-01
      97       6  1.000000000000000E+00  8.000000000000000E-01  7.000000000000000E-01  2.000000000000000E-01  1.000000000000000E-01  5.000000000000000E+00  1.000000000000000E-01  3.000000000000000E-01 -2.000000000000000E-01
      98       7  1.000000000000000E+00  8.000000000000000E-01  7.000000000000000E-01  2.000000000000000E-01  1.000000000000000E-01  5.000000000000000E+00  1.000000000000000E-01  3.000000000000000E-01 -2.000000000000000E-01
      99       8  1.000000000000000E+00  8.000000000000000E-01  7.000000000000000E-01  2.000000000000000E-01  1.000000000000000E-01  5.000000000000000E+00  1.000000000000000E-01  3.000000000000000E-01 -2.000000000000000E-01
     100       9  1.000000000000000E+00  8.000000000000000E-01  7.000000000000000E-01  2.000000000000000E-01  1.000000000000000E-01  5.000000000000000E+00  1.000000000000000E-01  3.000000000000000E-01 -2.000000000000000E-01
