       1 -3.006647440015540E-06 -1.180756285292432E-06  4.700001107384840E-01
       2 -3.006647440015540E-06 -1.180756285292432E-06  4.700001107384840E-01
       3 -3.006647440015540E-06 -1.180756285292432E-06  4.700001107384840E-01
       4 -3.006647440015540E-06 -1.180756285292432E-06  4.700001107384840E-01
       5 -3.006647440015540E-06 -1.180756285292432E-06  4.700001107384840E-01
       6 -3.006647440015540E-06 -1.180756285292432E-06  4.700001107384840E-01
       7 -3.006647440015540E-06 -1.180756285292432E-06  4.700001107384840E-01
       8 -3.006647440015540E-06 -1.180756285292432E-06  4.700001107384840E-01
       9 -3.006647440015540E-06 -1.180756285292432E-06  4.700001107384840E-01
      10 -3.006647440015540E-06 -1.180756285292432E-06  4.700001107384840E-01
      11 -3.006647440015540E-06 -1.180756285292432E-06  4.700001107384840E-01
      12 -3.006647440015540E-06 -1.180756285292432E-06  4.700001107384840E-01
      13 -3.006647440015540E-06 -1.180756285292432E-06  4.700001107384840E-01
      14 -3.006647440015540E-06 -1.180756285292432E-06  4.700001107384840E-01
      15 -3.006647440015540E-06 -1.180756285292432E-06  4.700001107384840E-01
      16 -3.006647440015540E-06 -1.180756285292432E-06  4.700001107384840E-01
      17 -3.006647440015540E-06 -1.180756285292432E-06  4.700001107384840E-01
      18 -3.006647440015540E-06 -1.180756285292432E-06  4.700001107384840E-01
      19 -3.006647440015540E-06 -1.180756285292432E-06  4.700001107384840E-01
      20 -3.006647440015540E-06 -1.180756285292432E-06  4.700001107384840E-01
      21 -3.006647440015540E-06 -1.180756285292432E-06  4.700001107384840E-01
      22 -3.006647440015540E-06 -1.180756285292432E-06  4.700001107384840E-01
      23 -3.006647440015540E-06 -1.180756285292432E-06  4.700001107384840E-01
      24 -3.006647440015540E-06 -1.180756285292432E-06  4.700001107384840E-01
      25 -3.006647440015540E-06 -1.180756285292432E-06  4.700001107384840E-01
      26 -3.006647440015540E-06 -1.180756285292432E-06  4.700001107384840E-01
      27 -3.006647440015540E-06 -1.180756285292432E-06  4.700001107384840E-01
      28 -3.006647440015540E-06 -1.180756285292432E-06  4.700001107384840E-01
      29 -3.006647440015540E-06 -1.180756285292432E-06  4.700001107384840E-01
      30 -3.006647440015540E-06 -1.180756285292432E-06  4.700001107384840E-01
      31 -3.006647440015540E-06 -1.180756285292432E-06  4.700001107384840E-01
      32 -3.006647440015540E-06 -1.180756285292432E-06  4.700001107384840E-01
      33 -3.006647440015540E-06 -1.180756285292432E-06  4.700001107384840E-01
      34 -3.006647440015540E-06 -1.180756285292432E-06  4.700001107384840E-01
      35 -3.006647440015540E-06 -1.180756285292432E-06  4.700001107384840E-01
      36 -3.006647440015540E-06 -1.180756285292432E-06  4.700001107384840E-01
      37 -3.006647440015540E-06 -1.180756285292432E-06  4.700001107384840E-01
      38 -3.006647440015540E-06 -1.180756285292432E-06  4.700001107384840E-01
      39 -3.006647440015540E-06 -1.180756285292432E-06  4.700001107384840E-01
      40 -3.006647440015540E-06 -1.180756285292432E-06  4.700001107384840E-01
      41 -3.006647440015540E-06 -1.180756285292432E-06  4.700001107384840E-01
      42 -3.006647440015540E-06 -1.180756285292432E-06  4.700001107384840E-01
      43 -3.006647440015540E-06 -1.180756285292432E-06  4.700001107384840E-01
      44 -3.006647440015540E-06 -1.180756285292432E-06  4.700001107384840E-01
      45 -3.006647440015540E-06 -1.180756285292432E-06  4.700001107384840E-01
      46 -3.006647440015540E-06 -1.180756285292432E-06  4.700001107384840E-01
      47 -3.006647440015540E-06 -1.180756285292432E-06  4.700001107384840E-01
      48 -3.006647440015540E-06 -1.180756285292432E-06  4.700001107384840E-01
      49 -3.006647440015540E-06 -1.180756285292432E-06  4.700001107384840E-01
      50 -3.006647440015540E-06 -1.180756285292432E-06  4.700001107384840E-01
      51 -3.006647440015540E-06 -1.180756285292432E-06  4.700001107384840E-01
      52 -3.006647440015540E-06 -1.180756285292432E-06  4.700001107384840E-01
      53 -3.006647440015540E-06 -1.180756285292432E-06  4.700001107384840E-01
      54 -3.006647440015540E-06 -1.180756285292432E-06  4.700001107384840E-01
      55 -3.006647440015540E-06 -1.180756285292432E-06  4.700001107384840E-01
      56 -3.006647440015540E-06 -1.180756285292432E-06  4.700001107384840E-01
      57 -3.006647440015540E-06 -1.180756285292432E-06  4.700001107384840E-01
      58 -3.006647440015540E-06 -1.180756285292432E-06  4.700001107384840E-01
      59 -3.006647440015540E-06 -1.180756285292432E-06  4.700001107384840E-01
      60 -3.006647440015540E-06 -1.180756285292432E-06  4.700001107384840E-01
      61 -3.006647440015540E-06 -1.180756285292432E-06  4.700001107384840E-01
      62 -3.006647440015540E-06 -1.180756285292432E-06  4.700001107384840E-01
      63 -3.006647440015540E-06 -1.180756285292432E-06  4.700001107384840E-01
      64 -3.006647440015540E-06 -1.180756285292432E-06  4.700001107384840E-01
      65 -3.006647440015540E-06 -1.180756285292432E-06  4.700001107384840E-01
      66 -3.006647440015540E-06 -1.180756285292432E-06  4.700001107384840E-01
      67 -3.006647440015540E-06 -1.180756285292432E-06  4.700001107384840E-01
      68 -3.006647440015540E-06 -1.180756285292432E-06  4.700001107384840E-01
      69 -3.006647440015540E-06 -1.180756285292432E-06  4.700001107384840E-01
      70 -3.006647440015540E-06 -1.180756285292432E-06  4.700001107384840E-01
      71 -3.006647440015540E-06 -1.180756285292432E-06  4.700001107384840E-01
      72 -3.006647440015540E-06 -1.180756285292432E-06  4.700001107384840E-01
      73 -3.006647440015540E-06 -1.180756285292432E-06  4.700001107384840E-01
      74 -3.006647440015540E-06 -1.180756285292432E-06  4.700001107384840E-01
      75 -3.006647440015540E-06 -1.180756285292432E-06  4.700001107384840E-01
      76 -3.006647440015540E-06 -1.180756285292432E-06  4.700001107384840E-01
      77 -3.006647440015540E-06 -1.180756285292432E-06  4.700001107384840E-01
      78 -3.006647440015540E-06 -1.180756285292432E-06  4.700001107384840E-01
      79 -3.006647440015540E-06 -1.180756285292432E-06  4.700001107384840E-01
      80 -3.006647440015540E-06 -1.180756285292432E-06  4.700001107384840E-01
      81 -3.006647440015540E-06 -1.180756285292432E-06  4.700001107384840E-01
      82 -3.006647440015540E-06 -1.180756285292432E-06  4.700001107384840E-01
      83 -3.006647440015540E-06 -1.180756285292432E-06  4.700001107384840E-01
      84 -3.006647440015540E-06 -1.180756285292432E-06  4.700001107384840E-01
      85 -3.006647440015540E-06 -1.180756285292432E-06  4.700001107384840E-01
      86 -3.006647440015540E-06 -1.180756285292432E-06  4.700001107384840E-01
      87 -3.006647440015540E-06 -1.180756285292432E-06  4.700001107384840E-01
      88 -3.006647440015540E-06 -1.180756285292432E-06  4.700001107384840E-01
      89 -3.006647440015540E-06 -1.180756285292432E-06  4.700001107384840E-01
      90 -3.006647440015540E-06 -1.180756285292432E-06  4.700001107384840E-01
      91 -3.006647440015540E-06 -1.180756285292432E-06  4.700001107384840E-01
      92 -3.006647440015540E-06 -1.180756285292432E-06  4.700001107384840E-01
      93 -3.006647440015540E-06 -1.180756285292432E-06  4.700001107384840E-01
      94 -3.006647440015540E-06 -1.180756285292432E-06  4.700001107384840E-01
      95 -3.006647440015540E-06 -1.180756285292432E-06  4.700001107384840E-01
      96 -3.006647440015540E-06 -1.180756285292432E-06  4.700001107384840E-01
      97 -3.006647440015540E-06 -1.180756285292432E-06  4.700001107384840E-01
      98 -3.006647440015540E-06 -1.180756285292432E-06  4.700001107384840E-01
      99 -3.006647440015540E-06 -1.180756285292432E-06  4.700001107384840E-01
     100 -3.006647440015540E-06 -1.180756285292432E-06  4.700001107384840E-01
