       1       2  1.000000000000000E+00  8.000000000000000E-01  7.000000000000000E-01  2.000000000000000E-01  1.000000000000000E-01  5.000000000000000E+00  1.000000000000000E-01  3.000000000000000E-01 -2.000000000000000E-01
       2       3  1.000000000000000E+00  8.000000000000000E-01  7.000000000000000E-01  2.000000000000000E-01  1.000000000000000E-01  5.000000000000000E+00  1.000000000000000E-01  3.000000000000000E-01 -2.000000000000000E-01
       1       3  1.000000000000000E+00  8.000000000000000E-01  7.000000000000000E-01  2.000000000000000E-01  1.000000000000000E-01  5.000000000000000E+00  1.000000000000000E-01  3.000000000000000E-01 -2.000000000000000E-01
       2      36  1.000000000000000E+00  8.000000000000000E-01  7.000000000000000E-01  2.000000000000000E-01  1.000000000000000E-01  5.000000000000000E+00  1.000000000000000E-01  3.000000000000000E-01 -2.000000000000000E-01
       2      19  1.000000000000000E+00  8.000000000000000E-01  7.000000000000000E-01  2.000000000000000E-01  1.000000000000000E-01  5.000000000000000E+00  1.000000000000000E-01  3.000000000000000E-01 -2.000000000000000E-01
       3       4  1.000000000000000E+00  8.000000000000000E-01  7.000000000000000E-01  2.000000000000000E-01  1.000000000000000E-01  5.000000000000000E+00  1.000000000000000E-01  3.000000000000000E-01 -2.000000000000000E-01
       4       5  1.000000000000000E+00  8.000000000000000E-01  7.000000000000000E-01  2.000000000000000E-01  1.000000000000000E-01  5.000000000000000E+00  1.000000000000000E-01  3.000000000000000E-01 -2.000000000000000E-01
       5       6  1.000000000000000E+00  8.000000000000000E-01  7.000000000000000E-01  2.000000000000000E-01  1.000000000000000E-01  5.000000000000000E+00  1.000000000000000E-01  3.000000000000000E-01 -2.000000000000000E-01
       4       6  1.000000000000000E+00  8.000000000000000E-01  7.000000000000000E-01  2.000000000000000E-01  1.000000000000000E-01  5.000000000000000E+00  1.000000000000000E-01  3.000000000000000E-01 -2.000000000000000E-01
       5      21  1.000000000000000E+00  8.000000000000000E-01  7.000000000000000E-01  2.000000000000000E-01  1.000000000000000E-01  5.000000000000000E+00  1.000000000000000E-01  3.000000000000000E-01 -2.000000000000000E-01
       5      22  1.000000000000000E+00  8.000000000000000E-01  7.000000000000000E-01  2.000000000000000E-01  1.000000000000000E-01  5.000000000000000E+00  1.000000000000000E-01  3.000000000000000E-01 -2.000000000000000E-01
       6       7  1.000000000000000E+00  8.000000000000000E-01  7.000000000000000E-01  2.000000000000000E-01  1.000000000000000E-01  5.000000000000000E+00  1.000000000000000E-01  3.000000000000000E-01 -2.000000000000000E-01
       7       8  1.000000000000000E+00  8.000000000000000E-01  7.000000000000000E-01  2.000000000000000E-01  1.000000000000000E-01  5.000000000000000E+00  1.000000000000000E-01  3.000000000000000E-01 -2.000000000000000E-01
       8       9  1.000000000000000E+00  8.000000000000000E-01  7.000000000000000E-01  2.000000000000000E-01  1.000000000000000E-01  5.000000000000000E+00  1.000000000000000E-01  3.000000000000000E-01 -2.000000000000000E-01
       7       9  1.000000000000000E+00  8.000000000000000E-01  7.000000000000000E-01  2.000000000000000E-01  1.000000000000000E-01  5.000000000000000E+00  1.000000000000000E-01  3.000000000000000E-01 -2.000000000000000E-01
       8      24  1.000000000000000E+00  8.000000000000000E-01  7.000000000000000E-01  2.000000000000000E-01  1.000000000000000E-01  5.000000000000000E+00  1.000000000000000E-01  3.000000000000000E-01 -2.000000000000000E-01
       8      25  1.000000000000000E+00  8.000000000000000E-01  7.000000000000000E-01  2.000000000000000E-01  1.000000000000000E-01  5.000000000000000E+00  1.000000000000000E-01  3.000000000000000E-01 -2.000000000000000E-01
       9      10  1.000000000000000E+00  8.000000000000000E-01  7.000000000000000E-01  2.000000000000000E-01  1.000000000000000E-01  5.000000000000000E+00  1.000000000000000E-01  3.000000000000000E-01 -2.000000000000000E-01
      10      11  1.000000000000000E+00  8.000000000000000E-01  7.000000000000000E-01  2.000000000000000E-01  1.000000000000000E-01  5.000000000000000E+00  1.000000000000000E-01  3.000000000000000E-01 -2.000000000000000E-01
      11      12  1.000000000000000E+00  8.000000000000000E-01  7.000000000000000E-01  2.000000000000000E-01  1.000000000000000E-01  5.000000000000000E+00  1.000000000000000E-01  3.000000000000000E-01 -2.000000000000000E-01
      10      12  1.000000000000000E+00  8.000000000000000E-01  7.000000000000000E-01  2.000000000000000E-01  1.000000000000000E-01  5.000000000000000E+00  1.000000000000000E-01  3.000000000000000E-01 -2.000000000000000E-01
      11      27  1.000000000000000E+00  8.000000000000000E-01  7.000000000000000E-01  2.000000000000000E-01  1.000000000000000E-01  5.000000000000000E+00  1.000000000000000E-01  3.000000000000000E-01 -2.000000000000000E-01
      11      28  1.000000000000000E+00  8.000000000000000E-01  7.000000000000000E-01  2.000000000000000E-01  1.000000000000000E-01  5.000000000000000E+00  1.000000000000000E-01  3.000000000000000E-01 -2.000000000000000E-01
      12      13  1.000000000000000E+00  8.000000000000000E-01  7.000000000000000E-01  2.000000000000000E-01  1.000000000000000E-01  5.000000000000000E+00  1.000000000000000E-01  3.000000000000000E-01 -2.000000000000000E-01
      13      14  1.000000000000000E+00  8.000000000000000E-01  7.000000000000000E-01  2.000000000000000E-01  1.000000000000000E-01  5.000000000000000E+00  1.000000000000000E-01  3.000000000000000E-01 -2.000000000000000E-01
      14      15  1.000000000000000E+00  8.000000000000000E-01  7.000000000000000E-01  2.000000000000000E-01  1.000000000000000E-01  5.000000000000000E+00  1.000000000000000E-01  3.000000000000000E-01 -2.000000000000000E-01
      13      15  1.000000000000000E+00  8.000000000000000E-01  7.000000000000000E-01  2.000000000000000E-01  1.000000000000000E-01  5.000000000000000E+00  1.000000000000000E-01  3.000000000000000E-01 -2.000000000000000E-01
      14      30  1.000000000000000E+00  8.000000000000000E-01  7.000000000000000E-01  2.000000000000000E-01  1.000000000000000E-01  5.000000000000000E+00  1.000000000000000E-01  3.000000000000000E-01 -2.000000000000000E-01
      14      31  1.000000000000000E+00  8.000000000000000E-01  7.000000000000000E-01  2.000000000000000E-01  1.000000000000000E-01  5.000000000000000E+00  1.000000000000000E-01  3.000000000000000E-01 -2.000000000000000E-01
      15      16  1.000000000000000E+00  8.000000000000000E-01  7.000000000000000E-01  2.000000000000000E-01  1.000000000000000E-01  5.000000000000000E+00  1.000000000000000E-01  3.000000000000000E-01 -2.000000000000000E-01
      16      17  1.000000000000000E+00  8.000000000000000E-01  7.000000000000000E-01  2.000000000000000E-01  1.000000000000000E-01  5.000000000000000E+00  1.000000000000000E-01  3.000000000000000E-01 -2.000000000000000E-01
      17      18  1.000000000000000E+00  8.000000000000000E-01  7.000000000000000E-01  2.000000000000000E-01  1.000000000000000E-01  5.000000000000000E+00  1.000000000000000E-01  3.000000000000000E-01 -2.000000000000000E-01
      16      18  1.000000000000000E+00  8.000000000000000E-01  7.000000000000000E-01  2.000000000000000E-01  1.000000000000000E-01  5.000000000000000E+00  1.000000000000000E-01  3.000000000000000E-01 -2.000000000000000E-01
      17      33  1.000000000000000E+00  8.000000000000000E-01  7.000000000000000E-01  2.000000000000000E-01  1.000000000000000E-01  5.000000000000000E+00  1.000000000000000E-01  3.000000000000000E-01 -2.000000000000000E-01
      17      34  1.000000000000000E+00  8.000000000000000E-01  7.000000000000000E-01  2.000000000000000E-01  1.000000000000000E-01  5.000000000000000E+00  1.000000000000000E-01  3.000000000000000E-01 -2.000000000000000E-01
      18       1  1.000000000000000E+00  8.000000000000000E-01  7.000000000000000E-01  2.000000000000000E-01  1.000000000000000E-01  5.000000000000000E+00  1.000000000000000E-01  3.000000000000000E-01 -2.000000000000000E-01
      19      20  1.000000000000000E+00  8.000000000000000E-01  7.000000000000000E-01  2.000000000000000E-01  1.000000000000000E-01  5.000000000000000E+00  1.000000000000000E-01  3.000000000000000E-01 -2.000000000000000E-01
      20      21  1.000000000000000E+00  8.000000000000000E-01  7.000000000000000E-01  2.000000000000000E-01  1.000000000000000E-01  5.000000000000000E+00  1.000000000000000E-01  3.000000000000000E-01 -2.000000000000000E-01
      19      21  1.000000000000000E+00  8.000000000000000E-01  7.000000000000000E-01  2.000000000000000E-01  1.000000000000000E-01  5.000000000000000E+00  1.000000000000000E-01  3.000000000000000E-01 -2.000000000000000E-01
      20      54  1.000000000000000E+00  8.000000000000000E-01  7.000000000000000E-01  2.000000000000000E-01  1.000000000000000E-01  5.000000000000000E+00  1.000000000000000E-01  3.000000000000000E-01 -2.000000000000000E-01
      20      37  1.000000000000000E+00  8.000000000000000E-01  7.000000000000000E-01  2.000000000000000E-01  1.000000000000000E-01  5.000000000000000E+00  1.000000000000000E-01  3.000000000000000E-01 -2.000000000000000E-01
      21      22  1.000000000000000E+00  8.000000000000000E-01  7.000000000000000E-01  2.000000000000000E-01  1.000000000000000E-01  5.000000000000000E+00  1.000000000000000E-01  3.000000000000000E-01 -2.000000000000000E-01
      22      23  1.000000000000000E+00  8.000000000000000E-01  7.000000000000000E-01  2.000000000000000E-01  1.000000000000000E-01  5.000000000000000E+00  1.000000000000000E-01  3.000000000000000E-01 -2.000000000000000E-01
      23      24  1.000000000000000E+00  8.000000000000000E-01  7.000000000000000E-01  2.000000000000000E-01  1.000000000000000E-01  5.000000000000000E+00  1.000000000000000E-01  3.000000000000000E-01 -2.000000000000000E-01
      22      24  1.000000000000000E+00  8.000000000000000E-01  7.000000000000000E-01  2.000000000000000E-01  1.000000000000000E-01  5.000000000000000E+00  1.000000000000000E-01  3.000000000000000E-01 -2.000000000000000E-01
      23      39  1.000000000000000E+00  8.000000000000000E-01  7.000000000000000E-01  2.000000000000000E-01  1.000000000000000E-01  5.000000000000000E+00  1.000000000000000E-01  3.000000000000000E-01 -2.000000000000000E-01
      23      40  1.000000000000000E+00  8.000000000000000E-01  7.000000000000000E-01  2.000000000000000E-01  1.000000000000000E-01  5.000000000000000E+00  1.000000000000000E-01  3.000000000000000E-01 -2.000000000000000E-01
      24      25  1.000000000000000E+00  8.000000000000000E-01  7.000000000000000E-01  2.000000000000000E-01  1.000000000000000E-01  5.000000000000000E+00  1.000000000000000E-01  3.000000000000000E-01 -2.000000000000000E-01
      25      26  1.000000000000000E+00  8.000000000000000E-01  7.000000000000000E-01  2.000000000000000E-01  1.000000000000000E-01  5.000000000000000E+00  1.000000000000000E-01  3.000000000000000E-01 -2.000000000000000E-01
      26      27  1.000000000000000E+00  8.000000000000000E-01  7.000000000000000E-01  2.000000000000000E-01  1.000000000000000E-01  5.000000000000000E+00  1.000000000000000E-01  3.000000000000000E-01 -2.000000000000000E-01
      25      27  1.000000000000000E+00  8.000000000000000E-01  7.000000000000000E-01  2.000000000000000E-01  1.000000000000000E-01  5.000000000000000E+00  1.000000000000000E-01  3.000000000000000E-01 -2.000000000000000E-01
      26      42  1.000000000000000E+00  8.000000000000000E-01  7.000000000000000E-01  2.000000000000000E-01  1.000000000000000E-01  5.000000000000000E+00  1.000000000000000E-01  3.000000000000000E-01 -2.000000000000000E-01
      26      43  1.000000000000000E+00  8.000000000000000E-01  7.000000000000000E-01  2.000000000000000E-01  1.000000000000000E-01  5.000000000000000E+00  1.000000000000000E-01  3.000000000000000E-01 -2.000000000000000E-01
      27      28  1.000000000000000E+00  8.000000000000000E-01  7.000000000000000E-01  2.000000000000000E-01  1.000000000000000E-01  5.000000000000000E+00  1.000000000000000E-01  3.000000000000000E-01 -2.000000000000000E-01
      28      29  1.000000000000000E+00  8.000000000000000E-01  7.000000000000000E-01  2.000000000000000E-01  1.000000000000000E-01  5.000000000000000E+00  1.000000000000000E-01  3.000000000000000E-01 -2.000000000000000E-01
      29      30  1.000000000000000E+00  8.000000000000000E-01  7.000000000000000E-01  2.000000000000000E-01  1.000000000000000E-01  5.000000000000000E+00  1.000000000000000E-01  3.000000000000000E-01 -2.000000000000000E-01
      28      30  1.000000000000000E+00  8.000000000000000E-01  7.000000000000000E-01  2.000000000000000E-01  1.000000000000000E-01  5.000000000000000E+00  1.000000000000000E-01  3.000000000000000E-01 -2.000000000000000E-01
      29      45  1.000000000000000E+00  8.000000000000000E-01  7.000000000000000E-01  2.000000000000000E-01  1.000000000000000E-01  5.000000000000000E+00  1.000000000000000E-01  3.000000000000000E-01 -2.000000000000000E-01
      29      46  1.000000000000000E+00  8.000000000000000E-01  7.000000000000000E-01  2.000000000000000E-01  1.000000000000000E-01  5.000000000000000E+00  1.000000000000000E-01  3.000000000000000E-01 -2.000000000000000E-01
      30      31  1.000000000000000E+00  8.000000000000000E-01  7.000000000000000E-01  2.000000000000000E-01  1.000000000000000E-01  5.000000000000000E+00  1.000000000000000E-01  3.000000000000000E-01 -2.000000000000000E-01
      31      32  1.000000000000000E+00  8.000000000000000E-01  7.000000000000000E-01  2.000000000000000E-01  1.000000000000000E-01  5.000000000000000E+00  1.000000000000000E-01  3.000000000000000E-01 -2.000000000000000E-01
      32      33  1.000000000000000E+00  8.000000000000000E-01  7.000000000000000E-01  2.000000000000000E-01  1.000000000000000E-01  5.000000000000000E+00  1.000000000000000E-01  3.000000000000000E-01 -2.000000000000000E-01
      31      33  1.000000000000000E+00  8.000000000000000E-01  7.000000000000000E-01  2.000000000000000E-01  1.000000000000000E-01  5.000000000000000E+00  1.000000000000000E-01  3.000000000000000E-01 -2.000000000000000E-01
      32      48  1.000000000000000E+00  8.000000000000000E-01  7.000000000000000E-01  2.000000000000000E-01  1.000000000000000E-01  5.000000000000000E+00  1.000000000000000E-01  3.000000000000000E-01 -2.000000000000000E-01
      32      49  1.000000000000000E+00  8.000000000000000E-01  7.000000000000000E-01  2.000000000000000E-01  1.000000000000000E-01  5.000000000000000E+00  1.000000000000000E-01  3.000000000000000E-01 -2.000000000000000E-01
      33      34  1.000000000000000E+00  8.000000000000000E-01  7.000000000000000E-01  2.000000000000000E-01  1.000000000000000E-01  5.000000000000000E+00  1.000000000000000E-01  3.000000000000000E-01 -2.000000000000000E-01
      34      35  1.000000000000000E+00  8.000000000000000E-01  7.000000000000000E-01  2.000000000000000E-01  1.000000000000000E-01  5.000000000000000E+00  1.000000000000000E-01  3.000000000000000E-01 -2.000000000000000E-01
      35      36  1.000000000000000E+00  8.000000000000000E-01  7.000000000000000E-01  2.000000000000000E-01  1.000000000000000E-01  5.000000000000000E+00  1.000000000000000E-01  3.000000000000000E-01 -2.000000000000000E-01
      34      36  1.000000000000000E+00  8.000000000000000E-01  7.000000000000000E-01  2.000000000000000E-01  1.000000000000000E-01  5.000000000000000E+00  1.000000000000000E-01  3.000000000000000E-01 -2.000000000000000E-01
      35      51  1.000000000000000E+00  8.000000000000000E-01  7.000000000000000E-01  2.000000000000000E-01  1.000000000000000E-01  5.000000000000000E+00  1.000000000000000E-01  3.000000000000000E-01 -2.000000000000000E-01
      35      52  1.000000000000000E+00  8.000000000000000E-01  7.000000000000000E-01  2.000000000000000E-01  1.000000000000000E-01  5.000000000000000E+00  1.000000000000000E-01  3.000000000000000E-01 -2.000000000000000E-01
      36      19  1.000000000000000E+00  8.000000000000000E-01  7.000000000000000E-01  2.000000000000000E-01  1.000000000000000E-01  5.000000000000000E+00  1.000000000000000E-01  3.000000000000000E-01 -2.000000000000000E-01
      37      38  1.000000000000000E+00  8.000000000000000E-01  7.000000000000000E-01  2.000000000000000E-01  1.000000000000000E-01  5.000000000000000E+00  1.000000000000000E-01  3.000000000000000E-01 -2.000000000000000E-01
      38      39  1.000000000000000E+00  8.000000000000000E-01  7.000000000000000E-01  2.000000000000000E-01  1.000000000000000E-01  5.000000000000000E+00  1.000000000000000E-01  3.000000000000000E-01 -2.000000000000000E-01
      37      39  1.000000000000000E+00  8.000000000000000E-01  7.000000000000000E-01  2.000000000000000E-01  1.000000000000000E-01  5.000000000000000E+00  1.000000000000000E-01  3.000000000000000E-01 -2.000000000000000E-01
      38      72  1.000000000000000E+00  8.000000000000000E-01  7.000000000000000E-01  2.000000000000000E-01  1.000000000000000E-01  5.000000000000000E+00  1.000000000000000E-01  3.000000000000000E-01 -2.000000000000000E-01
      38      55  1.000000000000000E+00  8.000000000000000E-01  7.000000000000000E-01  2.000000000000000E-01  1.000000000000000E-01  5.000000000000000E+00  1.000000000000000E-01  3.000000000000000E-01 -2.000000000000000E-01
      39      40  1.000000000000000E+00  8.000000000000000E-01  7.000000000000000E-01  2.000000000000000E-01  1.000000000000000E-01  5.000000000000000E+00  1.000000000000000E-01  3.000000000000000E-01 -2.000000000000000E-01
      40      41  1.000000000000000E+00  8.000000000000000E-01  7.000000000000000E-01  2.000000000000000E-01  1.000000000000000E-01  5.000000000000000E+00  1.000000000000000E-01  3.000000000000000E-01 -2.000000000000000E-01
      41      42  1.000000000000000E+00  8.000000000000000E-01  7.000000000000000E-01  2.000000000000000E-01  1.000000000000000E-01  5.000000000000000E+00  1.000000000000000E-01  3.000000000000000E-01 -2.000000000000000E-01
      40      42  1.000000000000000E+00  8.000000000000000E-01  7.000000000000000E-01  2.000000000000000E-01  1.000000000000000E-01  5.000000000000000E+00  1.000000000000000E-01  3.000000000000000E-01 -2.000000000000000E-01
      41      57  1.000000000000000E+00  8.000000000000000E-01  7.000000000000000E-01  2.000000000000000E-01  1.000000000000000E-01  5.000000000000000E+00  1.000000000000000E-01  3.000000000000000E-01 -2.000000000000000E-01
      41      58  1.000000000000000E+00  8.000000000000000E-01  7.000000000000000E-01  2.000000000000000E-01  1.000000000000000E-01  5.000000000000000E+00  1.000000000000000E-01  3.000000000000000E-01 -2.000000000000000E-01
      42      43  1.000000000000000E+00  8.000000000000000E-01  7.000000000000000E-01  2.000000000000000E-01  1.000000000000000E-01  5.000000000000000E+00  1.000000000000000E-01  3.000000000000000E-01 -2.000000000000000E-01
      43      44  1.000000000000000E+00  8.000000000000000E-01  7.000000000000000E-01  2.000000000000000E-01  1.000000000000000E-01  5.000000000000000E+00  1.000000000000000E-01  3.000000000000000E-01 -2.000000000000000E-01
      44      45  1.000000000000000E+00  8.000000000000000E-01  7.000000000000000E-01  2.000000000000000E-01  1.000000000000000E-01  5.000000000000000E+00  1.000000000000000E-01  3.000000000000000E-01 -2.000000000000000E-01
      43      45  1.000000000000000E+00  8.000000000000000E-01  7.000000000000000E-01  2.000000000000000E-01  1.000000000000000E-01  5.000000000000000E+00  1.000000000000000E-01  3.000000000000000E-01 -2.000000000000000E-01
      44      60  1.000000000000000E+00  8.000000000000000E-01  7.000000000000000E-01  2.000000000000000E-01  1.000000000000000E-01  5.000000000000000E+00  1.000000000000000E-01  3.000000000000000E-01 -2.000000000000000E-01
      44      61  1.000000000000000E+00  8.000000000000000E-01  7.000000000000000E-01  2.000000000000000E-01  1.000000000000000E-01  5.000000000000000E+00  1.000000000000000E-01  3.000000000000000E-01 -2.000000000000000E-01
      45      46  1.000000000000000E+00  8.000000000000000E-01  7.000000000000000E-01  2.000000000000000E-01  1.000000000000000E-01  5.000000000000000E+00  1.000000000000000E-01  3.000000000000000E-01 -2.000000000000000E-01
      46      47  1.000000000000000E+00  8.000000000000000E-01  7.000000000000000E-01  2.000000000000000E-01  1.000000000000000E-01  5.000000000000000E+00  1.000000000000000E-01  3.000000000000000E-01 -2.000000000000000E-01
      47      48  1.000000000000000E+00  8.000000000000000E-01  7.000000000000000E-01  2.000000000000000E-01  1.000000000000000E-01  5.000000000000000E+00  1.000000000000000E-01  3.000000000000000E-01 -2.000000000000000E-01
      46      48  1.000000000000000E+00  8.000000000000000E-01  7.000000000000000E-01  2.000000000000000E-01  1.000000000000000E-01  5.000000000000000E+00  1.000000000000000E-01  3.000000000000000E-01 -2.000000000000000E-01
      47      63  1.000000000000000E+00  8.000000000000000E-01  7.000000000000000E-01  2.000000000000000E-01  1.000000000000000E-01  5.000000000000000E+00  1.000000000000000E-01  3.000000000000000E-01 -2.000000000000000E-01
      47      64  1.000000000000000E+00  8.000000000000000E-01  7.000000000000000E-01  2.000000000000000E-01  1.000000000000000E-01  5.000000000000000E+00  1.000000000000000E-01  3.000000000000000E-01 -2.000000000000000E-01
      48      49  1.000000000000000E+00  8.000000000000000E-01  7.000000000000000E-01  2.000000000000000E-01  1.000000000000000E-01  5.000000000000000E+00  1.000000000000000E-01  3.000000000000000E-01 -2.000000000000000E-01
      49      50  1.000000000000000E+00  8.000000000000000E-01  7.000000000000000E-01  2.000000000000000E-01  1.000000000000000E-01  5.000000000000000E+00  1.000000000000000E-01  3.000000000000000E-01 -2.000000000000000E-01
      50      51  1.000000000000000E+00  8.000000000000000E-01  7.000000000000000E-01  2.000000000000000E-01  1.000000000000000E-01  5.000000000000000E+00  1.000000000000000E-01  3.000000000000000E-01 -2.000000000000000E-01
      49      51  1.000000000000000E+00  8.000000000000000E-01  7.000000000000000E-01  2.000000000000000E-01  1.000000000000000E-01  5.000000000000000E+00  1.000000000000000E-01  3.000000000000000E-01 -2.000000000000000E-01
      50      66  1.000000000000000E+00  8.000000000000000E-01  7.000000000000000E-01  2.000000000000000E-01  1.000000000000000E-01  5.000000000000000E+00  1.000000000000000E-01  3.000000000000000E-01 -2.000000000000000E-01
      50      67  1.000000000000000E+00  8.000000000000000E-01  7.000000000000000E-01  2.000000000000000E-01  1.000000000000000E-01  5.000000000000000E+00  1.000000000000000E-01  3.000000000000000E-01 -2.000000000000000E-01
      51      52  1.000000000000000E+00  8.000000000000000E-01  7.000000000000000E-01  2.000000000000000E-01  1.000000000000000E-01  5.000000000000000E+00  1.000000000000000E-01  3.000000000000000E-01 -2.000000000000000E-01
      52      53  1.000000000000000E+00  8.000000000000000E-01  7.000000000000000E-01  2.000000000000000E-01  1.000000000000000E-01  5.000000000000000E+00  1.000000000000000E-01  3.000000000000000E-01 -2.000000000000000E-01
      53      54  1.000000000000000E+00  8.000000000000000E-01  7.000000000000000E-01  2.000000000000000E-01  1.000000000000000E-01  5.000000000000000E+00  1.000000000000000E-01  3.000000000000000E-01 -2.000000000000000E-01
      52      54  1.000000000000000E+00  8.000000000000000E-01  7.000000000000000E-01  2.000000000000000E-01  1.000000000000000E-01  5.000000000000000E+00  1.000000000000000E-01  3.000000000000000E-01 -2.000000000000000E-01
      53      69  1.000000000000000E+00  8.000000000000000E-01  7.000000000000000E-01  2.000000000000000E-01  1.000000000000000E-01  5.000000000000000E+00  1.000000000000000E-01  3.000000000000000E-01 -2.000000000000000E-01
      53      70  1.000000000000000E+00  8.000000000000000E-01  7.000000000000000E-01  2.000000000000000E-01  1.000000000000000E-01  5.000000000000000E+00  1.000000000000000E-01  3.000000000000000E-01 -2.000000000000000E-01
      54      37  1.000000000000000E+00  8.000000000000000E-01  7.000000000000000E-01  2.000000000000000E-01  1.000000000000000E-01  5.000000000000000E+00  1.000000000000000E-01  3.000000000000000E-01 -2.000000000000000E-01
      55      56  1.000000000000000E+00  8.000000000000000E-01  7.000000000000000E-01  2.000000000000000E-01  1.000000000000000E-01  5.000000000000000E+00  1.000000000000000E-01  3.000000000000000E-01 -2.000000000000000E-01
      56      57  1.000000000000000E+00  8.000000000000000E-01  7.000000000000000E-01  2.000000000000000E-01  1.000000000000000E-01  5.000000000000000E+00  1.000000000000000E-01  3.000000000000000E-01 -2.000000000000000E-01
      55      57  1.000000000000000E+00  8.000000000000000E-01  7.000000000000000E-01  2.000000000000000E-01  1.000000000000000E-01  5.000000000000000E+00  1.000000000000000E-01  3.000000000000000E-01 -2.000000000000000E-01
      56      90  1.000000000000000E+00  8.000000000000000E-01  7.000000000000000E-01  2.000000000000000E-01  1.000000000000000E-01  5.000000000000000E+00  1.000000000000000E-01  3.000000000000000E-01 -2.000000000000000E-01
      56      73  1.000000000000000E+00  8.000000000000000E-01  7.000000000000000E-01  2.000000000000000E-01  1.000000000000000E-01  5.000000000000000E+00  1.000000000000000E-01  3.000000000000000E-01 -2.000000000000000E-01
      57      58  1.000000000000000E+00  8.000000000000000E-01  7.000000000000000E-01  2.000000000000000E-01  1.000000000000000E-01  5.000000000000000E+00  1.000000000000000E-01  3.000000000000000E-01 -2.000000000000000E-01
      58      59  1.000000000000000E+00  8.000000000000000E-01  7.000000000000000E-01  2.000000000000000E-01  1.000000000000000E-01  5.000000000000000E+00  1.000000000000000E-01  3.000000000000000E-01 -2.000000000000000E-01
      59      60  1.000000000000000E+00  8.000000000000000E-01  7.000000000000000E-01  2.000000000000000E-01  1.000000000000000E-01  5.000000000000000E+00  1.000000000000000E-01  3.000000000000000E-01 -2.000000000000000E-01
      58      60  1.000000000000000E+00  8.000000000000000E-01  7.000000000000000E-01  2.000000000000000E-01  1.000000000000000E-01  5.000000000000000E+00  1.000000000000000E-01  3.000000000000000E-01 -2.000000000000000E-01
      59      75  1.000000000000000E+00  8.000000000000000E-01  7.000000000000000E-01  2.000000000000000E-01  1.000000000000000E-01  5.000000000000000E+00  1.000000000000000E-01  3.000000000000000E-01 -2.000000000000000E-01
      59      76  1.000000000000000E+00  8.000000000000000E-01  7.000000000000000E-01  2.000000000000000E-01  1.000000000000000E-01  5.000000000000000E+00  1.000000000000000E-01  3.000000000000000E-01 -2.000000000000000E-01
      60      61  1.000000000000000E+00  8.000000000000000E-01  7.000000000000000E-01  2.000000000000000E-01  1.000000000000000E-01  5.000000000000000E+00  1.000000000000000E-01  3.000000000000000E-01 -2.000000000000000E-01
      61      62  1.000000000000000E+00  8.000000000000000E-01  7.000000000000000E-01  2.000000000000000E-01  1.000000000000000E-01  5.000000000000000E+00  1.000000000000000E-01  3.000000000000000E-01 -2.000000000000000E-01
      62      63  1.000000000000000E+00  8.000000000000000E-01  7.000000000000000E-01  2.000000000000000E-01  1.000000000000000E-01  5.000000000000000E+00  1.000000000000000E-01  3.000000000000000E-01 -2.000000000000000E-01
      61      63  1.000000000000000E+00  8.000000000000000E-01  7.000000000000000E-01  2.000000000000000E-01  1.000000000000000E-01  5.000000000000000E+00  1.000000000000000E-01  3.000000000000000E-01 -2.000000000000000E-01
      62      78  1.000000000000000E+00  8.000000000000000E-01  7.000000000000000E-01  2.000000000000000E-01  1.000000000000000E-01  5.000000000000000E+00  1.000000000000000E-01  3.000000000000000E-01 -2.000000000000000E-01
      62      79  1.000000000000000E+00  8.000000000000000E-01  7.000000000000000E-01  2.000000000000000E-01  1.000000000000000E-01  5.000000000000000E+00  1.000000000000000E-01  3.000000000000000E-01 -2.000000000000000E-01
      63      64  1.000000000000000E+00  8.000000000000000E-01  7.000000000000000E-01  2.000000000000000E-01  1.000000000000000E-01  5.000000000000000E+00  1.000000000000000E-01  3.000000000000000E-01 -2.000000000000000E-01
      64      65  1.000000000000000E+00  8.000000000000000E-01  7.000000000000000E-01  2.000000000000000E-01  1.000000000000000E-01  5.000000000000000E+00  1.000000000000000E-01  3.000000000000000E-01 -2.000000000000000E-01
      65      66  1.000000000000000E+00  8.000000000000000E-01  7.000000000000000E-01  2.000000000000000E-01  1.000000000000000E-01  5.000000000000000E+00  1.000000000000000E-01  3.000000000000000E-01 -2.000000000000000E-01
      64      66  1.000000000000000E+00  8.000000000000000E-01  7.000000000000000E-01  2.000000000000000E-01  1.000000000000000E-01  5.000000000000000E+00  1.000000000000000E-01  3.000000000000000E-01 -2.000000000000000E-01
      65      81  1.000000000000000E+00  8.000000000000000E-01  7.000000000000000E-01  2.000000000000000E-01  1.000000000000000E-01  5.000000000000000E+00  1.000000000000000E-01  3.000000000000000E-01 -2.000000000000000E-01
      65      82  1.000000000000000E+00  8.000000000000000E-01  7.000000000000000E-01  2.000000000000000E-01  1.000000000000000E-01  5.000000000000000E+00  1.000000000000000E-01  3.000000000000000E-01 -2.000000000000000E-01
      66      67  1.000000000000000E+00  8.000000000000000E-01  7.000000000000000E-01  2.000000000000000E-01  1.000000000000000E-01  5.000000000000000E+00  1.000000000000000E-01  3.000000000000000E-01 -2.000000000000000E-01
      67      68  1.000000000000000E+00  8.000000000000000E-01  7.000000000000000E-01  2.000000000000000E-01  1.000000000000000E-01  5.000000000000000E+00  1.000000000000000E-01  3.000000000000000E-01 -2.000000000000000E-01
      68      69  1.000000000000000E+00  8.000000000000000E-01  7.000000000000000E-01  2.000000000000000E-01  1.000000000000000E-01  5.000000000000000E+00  1.000000000000000E-01  3.000000000000000E-01 -2.000000000000000E-01
      67      69  1.000000000000000E+00  8.000000000000000E-01  7.000000000000000E-01  2.000000000000000E-01  1.000000000000000E-01  5.000000000000000E+00  1.000000000000000E-01  3.000000000000000E-01 -2.000000000000000E-01
      68      84  1.000000000000000E+00  8.000000000000000E-01  7.000000000000000E-01  2.000000000000000E-01  1.000000000000000E-01  5.000000000000000E+00  1.000000000000000E-01  3.000000000000000E-01 -2.000000000000000E-01
      68      85  1.000000000000000E+00  8.000000000000000E-01  7.000000000000000E-01  2.000000000000000E-01  1.000000000000000E-01  5.000000000000000E+00  1.000000000000000E-01  3.000000000000000E-01 -2.000000000000000E-01
      69      70  1.000000000000000E+00  8.000000000000000E-01  7.000000000000000E-01  2.000000000000000E-01  1.000000000000000E-01  5.000000000000000E+00  1.000000000000000E-01  3.000000000000000E-01 -2.000000000000000E-01
      70      71  1.000000000000000E+00  8.000000000000000E-01  7.000000000000000E-01  2.000000000000000E-01  1.000000000000000E-01  5.000000000000000E+00  1.000000000000000E-01  3.000000000000000E-01 -2.000000000000000E-01
      71      72  1.000000000000000E+00  8.000000000000000E-01  7.000000000000000E-01  2.000000000000000E-01  1.000000000000000E-01  5.000000000000000E+00  1.000000000000000E-01  3.000000000000000E-01 -2.000000000000000E-01
      70      72  1.000000000000000E+00  8.000000000000000E-01  7.000000000000000E-01  2.000000000000000E-01  1.000000000000000E-01  5.000000000000000E+00  1.000000000000000E-01  3.000000000000000E-01 -2.000000000000000E-01
      71      87  1.000000000000000E+00  8.000000000000000E-01  7.000000000000000E-01  2.000000000000000E-01  1.000000000000000E-01  5.000000000000000E+00  1.000000000000000E-01  3.000000000000000E-01 -2.000000000000000E-01
      71      88  1.000000000000000E+00  8.000000000000000E-01  7.000000000000000E-01  2.000000000000000E-01  1.000000000000000E-01  5.000000000000000E+00  1.000000000000000E-01  3.000000000000000E-01 -2.000000000000000E-01
      72      55  1.000000000000000E+00  8.000000000000000E-01  7.000000000000000E-01  2.000000000000000E-01  1.000000000000000E-01  5.000000000000000E+00  1.000000000000000E-01  3.000000000000000E-01 -2.000000000000000E-01
      73      74  1.000000000000000E+00  8.000000000000000E-01  7.000000000000000E-01  2.000000000000000E-01  1.000000000000000E-01  5.000000000000000E+00  1.000000000000000E-01  3.000000000000000E-01 -2.000000000000000E-01
      74      75  1.000000000000000E+00  8.000000000000000E-01  7.000000000000000E-01  2.000000000000000E-01  1.000000000000000E-01  5.000000000000000E+00  1.000000000000000E-01  3.000000000000000E-01 -2.000000000000000E-01
      73      75  1.000000000000000E+00  8.000000000000000E-01  7.000000000000000E-01  2.000000000000000E-01  1.000000000000000E-01  5.000000000000000E+00  1.000000000000000E-01  3.000000000000000E-01 -2.000000000000000E-01
      74     108  1.000000000000000E+00  8.000000000000000E-01  7.000000000000000E-01  2.000000000000000E-01  1.000000000000000E-01  5.000000000000000E+00  1.000000000000000E-01  3.000000000000000E-01 -2.000000000000000E-01
      74      91  1.000000000000000E+00  8.000000000000000E-01  7.000000000000000E-01  2.000000000000000E-01  1.000000000000000E-01  5.000000000000000E+00  1.000000000000000E-01  3.000000000000000E-01 -2.000000000000000E-01
      75      76  1.000000000000000E+00  8.000000000000000E-01  7.000000000000000E-01  2.000000000000000E-01  1.000000000000000E-01  5.000000000000000E+00  1.000000000000000E-01  3.000000000000000E-01 -2.000000000000000E-01
      76      77  1.000000000000000E+00  8.000000000000000E-01  7.000000000000000E-01  2.000000000000000E-01  1.000000000000000E-01  5.000000000000000E+00  1.000000000000000E-01  3.000000000000000E-01 -2.000000000000000E-01
      77      78  1.000000000000000E+00  8.000000000000000E-01  7.000000000000000E-01  2.000000000000000E-01  1.000000000000000E-01  5.000000000000000E+00  1.000000000000000E-01  3.000000000000000E-01 -2.000000000000000E-01
      76      78  1.000000000000000E+00  8.000000000000000E-01  7.000000000000000E-01  2.000000000000000E-01  1.000000000000000E-01  5.000000000000000E+00  1.000000000000000E-01  3.000000000000000E-01 -2.000000000000000E-01
      77      93  1.000000000000000E+00  8.000000000000000E-01  7.000000000000000E-01  2.000000000000000E-01  1.000000000000000E-01  5.000000000000000E+00  1.000000000000000E-01  3.000000000000000E-01 -2.000000000000000E-01
      77      94  1.000000000000000E+00  8.000000000000000E-01  7.000000000000000E-01  2.000000000000000E-01  1.000000000000000E-01  5.000000000000000E+00  1.000000000000000E-01  3.000000000000000E-01 -2.000000000000000E-01
      78      79  1.000000000000000E+00  8.000000000000000E-01  7.000000000000000E-01  2.000000000000000E-01  1.000000000000000E-01  5.000000000000000E+00  1.000000000000000E-01  3.000000000000000E-01 -2.000000000000000E-01
      79      80  1.000000000000000E+00  8.000000000000000E-01  7.000000000000000E-01  2.000000000000000E-01  1.000000000000000E-01  5.000000000000000E+00  1.000000000000000E-01  3.000000000000000E-01 -2.000000000000000E-01
      80      81  1.000000000000000E+00  8.000000000000000E-01  7.000000000000000E-01  2.000000000000000E-01  1.000000000000000E-01  5.000000000000000E+00  1.000000000000000E-01  3.000000000000000E-01 -2.000000000000000E-01
      79      81  1.000000000000000E+00  8.000000000000000E-01  7.000000000000000E-01  2.000000000000000E-01  1.000000000000000E-01  5.000000000000000E+00  1.000000000000000E-01  3.000000000000000E-01 -2.000000000000000E-01
      80      96  1.000000000000000E+00  8.000000000000000E-01  7.000000000000000E-01  2.000000000000000E-01  1.000000000000000E-01  5.000000000000000E+00  1.000000000000000E-01  3.000000000000000E-01 -2.000000000000000E-01
      80      97  1.000000000000000E+00  8.000000000000000E-01  7.000000000000000E-01  2.000000000000000E-01  1.000000000000000E-01  5.000000000000000E+00  1.000000000000000E-01  3.000000000000000E-01 -2.000000000000000E-01
      81      82  1.000000000000000E+00  8.000000000000000E-01  7.000000000000000E-01  2.000000000000000E-01  1.000000000000000E-01  5.000000000000000E+00  1.000000000000000E-01  3.000000000000000E-01 -2.000000000000000E-01
      82      83  1.000000000000000E+00  8.000000000000000E-01  7.000000000000000E-01  2.000000000000000E-01  1.000000000000000E-01  5.000000000000000E+00  1.000000000000000E-01  3.000000000000000E-01 -2.000000000000000E-01
      83      84  1.000000000000000E+00  8.000000000000000E-01  7.000000000000000E-01  2.000000000000000E-01  1.000000000000000E-01  5.000000000000000E+00  1.000000000000000E-01  3.000000000000000E-01 -2.000000000000000E-01
      82      84  1.000000000000000E+00  8.000000000000000E-01  7.000000000000000E-01  2.000000000000000E-01  1.000000000000000E-01  5.000000000000000E+00  1.000000000000000E-01  3.000000000000000E-01 -2.000000000000000E-01
      83      99  1.000000000000000E+00  8.000000000000000E-01  7.000000000000000E-01  2.000000000000000E-01  1.000000000000000E-01  5.000000000000000E+00  1.000000000000000E-01  3.000000000000000E-01 -2.000000000000000E-01
      83     100  1.000000000000000E+00  8.000000000000000E-01  7.000000000000000E-01  2.000000000000000E-01  1.000000000000000E-01  5.000000000000000E+00  1.000000000000000E-01  3.000000000000000E-01 -2.000000000000000E-01
      84      85  1.000000000000000E+00  8.000000000000000E-01  7.000000000000000E-01  2.000000000000000E-01  1.000000000000000E-01  5.000000000000000E+00  1.000000000000000E-01  3.000000000000000E-01 -2.000000000000000E-01
      85      86  1.000000000000000E+00  8.000000000000000E-01  7.000000000000000E-01  2.000000000000000E-01  1.000000000000000E-01  5.000000000000000E+00  1.000000000000000E-01  3.000000000000000E-01 -2.000000000000000E-01
      86      87  1.000000000000000E+00  8.000000000000000E-01  7.000000000000000E-01  2.000000000000000E-01  1.000000000000000E-01  5.000000000000000E+00  1.000000000000000E-01  3.000000000000000E-01 -2.000000000000000E-01
      85      87  1.000000000000000E+00  8.000000000000000E-01  7.000000000000000E-01  2.000000000000000E-01  1.000000000000000E-01  5.000000000000000E+00  1.000000000000000E-01  3.000000000000000E-01 -2.000000000000000E-01
      86     102  1.000000000000000E+00  8.000000000000000E-01  7.000000000000000E-01  2.000000000000000E-01  1.000000000000000E-01  5.000000000000000E+00  1.000000000000000E-01  3.000000000000000E-01 -2.000000000000000E-01
      86     103  1.000000000000000E+00  8.000000000000000E-01  7.000000000000000E-01  2.000000000000000E-01  1.000000000000000E-01  5.000000000000000E+00  1.000000000000000E-01  3.000000000000000E-01 -2.000000000000000E-01
      87      88  1.000000000000000E+00  8.000000000000000E-01  7.000000000000000E-01  2.000000000000000E-01  1.000000000000000E-01  5.000000000000000E+00  1.000000000000000E-01  3.000000000000000E-01 -2.000000000000000E-01
      88      89  1.000000000000000E+00  8.000000000000000E-01  7.000000000000000E-01  2.000000000000000E-01  1.000000000000000E-01  5.000000000000000E+00  1.000000000000000E-01  3.000000000000000E-01 -2.000000000000000E-01
      89      90  1.000000000000000E+00  8.000000000000000E-01  7.000000000000000E-01  2.000000000000000E-01  1.000000000000000E-01  5.000000000000000E+00  1.000000000000000E-01  3.000000000000000E-01 -2.000000000000000E-01
      88      90  1.000000000000000E+00  8.000000000000000E-01  7.000000000000000E-01  2.000000000000000E-01  1.000000000000000E-01  5.000000000000000E+00  1.000000000000000E-01  3.000000000000000E-01 -2.000000000000000E-01
      89     105  1.000000000000000E+00  8.000000000000000E-01  7.000000000000000E-01  2.000000000000000E-01  1.000000000000000E-01  5.000000000000000E+00  1.000000000000000E-01  3.000000000000000E-01 -2.000000000000000E-01
      89     106  1.000000000000000E+00  8.000000000000000E-01  7.000000000000000E-01  2.000000000000000E-01  1.000000000000000E-01  5.000000000000000E+00  1.000000000000000E-01  3.000000000000000E-01 -2.000000000000000E-01
      90      73  1.000000000000000E+00  8.000000000000000E-01  7.000000000000000E-01  2.000000000000000E-01  1.000000000000000E-01  5.000000000000000E+00  1.000000000000000E-01  3.000000000000000E-01 -2.000000000000000E-01
      91      92  1.000000000000000E+00  8.000000000000000E-01  7.000000000000000E-01  2.000000000000000E-01  1.000000000000000E-01  5.000000000000000E+00  1.000000000000000E-01  3.000000000000000E-01 -2.000000000000000E-01
      92      93  1.000000000000000E+00  8.000000000000000E-01  7.000000000000000E-01  2.000000000000000E-01  1.000000000000000E-01  5.000000000000000E+00  1.000000000000000E-01  3.000000000000000E-01 -2.000000000000000E-01
      91      93  1.000000000000000E+00  8.000000000000000E-01  7.000000000000000E-01  2.000000000000000E-01  1.000000000000000E-01  5.000000000000000E+00  1.000000000000000E-01  3.000000000000000E-01 -2.000000000000000E-01
      92      18  1.000000000000000E+00  8.000000000000000E-01  7.000000000000000E-01  2.000000000000000E-01  1.000000000000000E-01  5.000000000000000E+00  1.000000000000000E-01  3.000000000000000E-01 -2.000000000000000E-01
      92       1  1.000000000000000E+00  8.000000000000000E-01  7.000000000000000E-01  2.000000000000000E-01  1.000000000000000E-01  5.000000000000000E+00  1.000000000000000E-01  3.000000000000000E-01 -2.000000000000000E-01
      93      94  1.000000000000000E+00  8.000000000000000E-01  7.000000000000000E-01  2.000000000000000E-01  1.000000000000000E-01  5.000000000000000E+00  1.000000000000000E-01  3.000000000000000E-01 -2.000000000000000E-01
      94      95  1.000000000000000E+00  8.000000000000000E-01  7.000000000000000E-01  2.000000000000000E-01  1.000000000000000E-01  5.000000000000000E+00  1.000000000000000E-01  3.000000000000000E-01 -2.000000000000000E-01
      95      96  1.000000000000000E+00  8.000000000000000E-01  7.000000000000000E-01  2.000000000000000E-01  1.000000000000000E-01  5.000000000000000E+00  1.000000000000000E-01  3.000000000000000E-01 -2.000000000000000E-01
      94      96  1.000000000000000E+00  8.000000000000000E-01  7.000000000000000E-01  2.000000000000000E-01  1.000000000000000E-01  5.000000000000000E+00  1.000000000000000E-01  3.000000000000000E-01 -2.000000000000000E-01
      95       3  1.000000000000000E+00  8.000000000000000E-01  7.000000000000000E-01  2.000000000000000E-01  1.000000000000000E-01  5.000000000000000E+00  1.000000000000000E-01  3.000000000000000E-01 -2.000000000000000E-01
      95       4  1.000000000000000E+00  8.000000000000000E-01  7.000000000000000E-01  2.000000000000000E-01  1.000000000000000E-01  5.000000000000000E+00  1.000000000000000E-01  3.000000000000000E-01 -2.000000000000000E-01
      96      97  1.000000000000000E+00  8.000000000000000E-01  7.000000000000000E-01  2.000000000000000E-01  1.000000000000000E-01  5.000000000000000E+00  1.000000000000000E-01  3.000000000000000E-01 -2.000000000000000E-01
      97      98  1.000000000000000E+00  8.000000000000000E-01  7.000000000000000E-01  2.000000000000000E-01  1.000000000000000E-01  5.000000000000000E+00  1.000000000000000E-01  3.000000000000000E-01 -2.000000000000000E-01
      98      99  1.000000000000000E+00  8.000000000000000E-01  7.000000000000000E-01  2.000000000000000E-01  1.000000000000000E-01  5.000000000000000E+00  1.000000000000000E-01  3.000000000000000E-01 -2.000000000000000E-01
      97      99  1.000000000000000E+00  8.000000000000000E-01  7.000000000000000E-01  2.000000000000000E-01  1.000000000000000E-01  5.000000000000000E+00  1.000000000000000E-01  3.000000000000000E-01 -2.000000000000000E-01
      98       6  1.000000000000000E+00  8.000000000000000E-01  7.000000000000000E-01  2.000000000000000E-01  1.000000000000000E-01  5.000000000000000E+00  1.000000000000000E-01  3.000000000000000E-01 -2.000000000000000E-01
      98       7  1.000000000000000E+00  8.000000000000000E-01  7.000000000000000E-01  2.000000000000000E-01  1.000000000000000E-01  5.000000000000000E+00  1.000000000000000E-01  3.000000000000000E-01 -2.000000000000000E-01
      99     100  1.000000000000000E+00  8.000000000000000E-01  7.000000000000000E-01  2.000000000000000E-01  1.000000000000000E-01  5.000000000000000E+00  1.000000000000000E-01  3.000000000000000E-01 -2.000000000000000E-01
     100     101  1.000000000000000E+00  8.000000000000000E-01  7.000000000000000E-01  2.000000000000000E-01  1.000000000000000E-01  5.000000000000000E+00  1.000000000000000E-01  3.000000000000000E-01 -2.000000000000000E-01
     101     102  1.000000000000000E+00  8.000000000000000E-01  7.000000000000000E-01  2.000000000000000E-01  1.000000000000000E-01  5.000000000000000E+00  1.000000000000000E-01  3.000000000000000E-01 -2.000000000000000E-01
     100     102  1.000000000000000E+00  8.000000000000000E-01  7.000000000000000E-01  2.000000000000000E-01  1.000000000000000E-01  5.000000000000000E+00  1.000000000000000E-01  3.000000000000000E-01 -2.000000000000000E-01
     101       9  1.000000000000000E+00  8.000000000000000E-01  7.000000000000000E-01  2.000000000000000E-01  1.000000000000000E-01  5.000000000000000E+00  1.000000000000000E-01  3.000000000000000E-01 -2.000000000000000E-01
     101      10  1.000000000000000E+00  8.000000000000000E-01  7.000000000000000E-01  2.000000000000000E-01  1.000000000000000E-01  5.000000000000000E+00  1.000000000000000E-01  3.000000000000000E-01 -2.000000000000000E-01
     102     103  1.000000000000000E+00  8.000000000000000E-01  7.000000000000000E-01  2.000000000000000E-01  1.000000000000000E-01  5.000000000000000E+00  1.000000000000000E-01  3.000000000000000E-01 -2.000000000000000E-01
     103     104  1.000000000000000E+00  8.000000000000000E-01  7.000000000000000E-01  2.000000000000000E-01  1.000000000000000E-01  5.000000000000000E+00  1.000000000000000E-01  3.000000000000000E-01 -2.000000000000000E-01
     104     105  1.000000000000000E+00  8.000000000000000E-01  7.000000000000000E-01  2.000000000000000E-01  1.000000000000000E-01  5.000000000000000E+00  1.000000000000000E-01  3.000000000000000E-01 -2.000000000000000E-01
     103     105  1.000000000000000E+00  8.000000000000000E-01  7.000000000000000E-01  2.000000000000000E-01  1.000000000000000E-01  5.000000000000000E+00  1.000000000000000E-01  3.000000000000000E-01 -2.000000000000000E-01
     104      12  1.000000000000000E+00  8.000000000000000E-01  7.000000000000000E-01  2.000000000000000E-01  1.000000000000000E-01  5.000000000000000E+00  1.000000000000000E-01  3.000000000000000E-01 -2.000000000000000E-01
     104      13  1.000000000000000E+00  8.000000000000000E-01  7.000000000000000E-01  2.000000000000000E-01  1.000000000000000E-01  5.000000000000000E+00  1.000000000000000E-01  3.000000000000000E-01 -2.000000000000000E-01
     105     106  1.000000000000000E+00  8.000000000000000E-01  7.000000000000000E-01  2.000000000000000E-01  1.000000000000000E-01  5.000000000000000E+00  1.000000000000000E-01  3.000000000000000E-01 -2.000000000000000E-01
     106     107  1.000000000000000E+00  8.000000000000000E-01  7.000000000000000E-01  2.000000000000000E-01  1.000000000000000E-01  5.000000000000000E+00  1.000000000000000E-01  3.000000000000000E-01 -2.000000000000000E-01
     107     108  1.000000000000000E+00  8.000000000000000E-01  7.000000000000000E-01  2.000000000000000E-01  1.000000000000000E-01  5.000000000000000E+00  1.000000000000000E-01  3.000000000000000E-01 -2.000000000000000E-01
     106     108  1.000000000000000E+00  8.000000000000000E-01  7.000000000000000E-01  2.000000000000000E-01  1.000000000000000E-01  5.000000000000000E+00  1.000000000000000E-01  3.000000000000000E-01 -2.000000000000000E-01
     107      15  1.000000000000000E+00  8.000000000000000E-01  7.000000000000000E-01  2.000000000000000E-01  1.000000000000000E-01  5.000000000000000E+00  1.000000000000000E-01  3.000000000000000E-01 -2.000000000000000E-01
     107      16  1.000000000000000E+00  8.000000000000000E-01  7.000000000000000E-01  2.000000000000000E-01  1.000000000000000E-01  5.000000000000000E+00  1.000000000000000E-01  3.000000000000000E-01 -2.000000000000000E-01
     108      91  1.000000000000000E+00  8.000000000000000E-01  7.000000000000000E-01  2.000000000000000E-01  1.000000000000000E-01  5.000000000000000E+00  1.000000000000000E-01  3.000000000000000E-01 -2.000000000000000E-01
