       1       2  1.000000000000000E+00  8.000000000000000E-01  7.000000000000000E-01  2.000000000000000E-01  1.000000000000000E-01  5.000000000000000E+00  1.000000000000000E-01  3.000000000000000E-01 -2.000000000000000E-01
       2       3  1.000000000000000E+00  8.000000000000000E-01  7.000000000000000E-01  2.000000000000000E-01  1.000000000000000E-01  5.000000000000000E+00  1.000000000000000E-01  3.000000000000000E-01 -2.000000000000000E-01
       2      21  1.000000000000000E+00  8.000000000000000E-01  7.000000000000000E-01  2.000000000000000E-01  1.000000000000000E-01  5.000000000000000E+00  1.000000000000000E-01  3.000000000000000E-01 -2.000000000000000E-01
       3       4  1.000000000000000E+00  8.000000000000000E-01  7.000000000000000E-01  2.000000000000000E-01  1.000000000000000E-01  5.000000000000000E+00  1.000000000000000E-01  3.000000000000000E-01 -2.000000000000000E-01
       4       5  1.000000000000000E+00  8.000000000000000E-01  7.000000000000000E-01  2.000000000000000E-01  1.000000000000000E-01  5.000000000000000E+00  1.000000000000000E-01  3.000000000000000E-01 -2.000000000000000E-01
       4      23  1.000000000000000E+00  8.000000000000000E-01  7.000000000000000E-01  2.000000000000000E-01  1.000000000000000E-01  5.000000000000000E+00  1.000000000000000E-01  3.000000000000000E-01 -2.000000000000000E-01
       5       6  1.000000000000000E+00  8.000000000000000E-01  7.000000000000000E-01  2.000000000000000E-01  1.000000000000000E-01  5.000000000000000E+00  1.000000000000000E-01  3.000000000000000E-01 -2.000000000000000E-01
       6       7  1.000000000000000E+00  8.000000000000000E-01  7.000000000000000E-01  2.000000000000000E-01  1.000000000000000E-01  5.000000000000000E+00  1.000000000000000E-01  3.000000000000000E-01 -2.000000000000000E-01
       6      25  1.000000000000000E+00  8.000000000000000E-01  7.000000000000000E-01  2.000000000000000E-01  1.000000000000000E-01  5.000000000000000E+00  1.000000000000000E-01  3.000000000000000E-01 -2.000000000000000E-01
       7       8  1.000000000000000E+00  8.000000000000000E-01  7.000000000000000E-01  2.000000000000000E-01  1.000000000000000E-01  5.000000000000000E+00  1.000000000000000E-01  3.000000000000000E-01 -2.000000000000000E-01
       8       9  1.000000000000000E+00  8.000000000000000E-01  7.000000000000000E-01  2.000000000000000E-01  1.000000000000000E-01  5.000000000000000E+00  1.000000000000000E-01  3.000000000000000E-01 -2.000000000000000E-01
       8      27  1.000000000000000E+00  8.000000000000000E-01  7.000000000000000E-01  2.000000000000000E-01  1.000000000000000E-01  5.000000000000000E+00  1.000000000000000E-01  3.000000000000000E-01 -2.000000000000000E-01
       9      10  1.000000000000000E+00  8.000000000000000E-01  7.000000000000000E-01  2.000000000000000E-01  1.000000000000000E-01  5.000000000000000E+00  1.000000000000000E-01  3.000000000000000E-01 -2.000000000000000E-01
      10      11  1.000000000000000E+00  8.000000000000000E-01  7.000000000000000E-01  2.000000000000000E-01  1.000000000000000E-01  5.000000000000000E+00  1.000000000000000E-01  3.000000000000000E-01 -2.000000000000000E-01
      10      29  1.000000000000000E+00  8.000000000000000E-01  7.000000000000000E-01  2.000000000000000E-01  1.000000000000000E-01  5.000000000000000E+00  1.000000000000000E-01  3.000000000000000E-01 -2.000000000000000E-01
      11      12  1.000000000000000E+00  8.000000000000000E-01  7.000000000000000E-01  2.000000000000000E-01  1.000000000000000E-01  5.000000000000000E+00  1.000000000000000E-01  3.000000000000000E-01 -2.000000000000000E-01
      12      13  1.000000000000000E+00  8.000000000000000E-01  7.000000000000000E-01  2.000000000000000E-01  1.000000000000000E-01  5.000000000000000E+00  1.000000000000000E-01  3.000000000000000E-01 -2.000000000000000E-01
      12      31  1.000000000000000E+00  8.000000000000000E-01  7.000000000000000E-01  2.000000000000000E-01  1.000000000000000E-01  5.000000000000000E+00  1.000000000000000E-01  3.000000000000000E-01 -2.000000000000000E-01
      13      14  1.000000000000000E+00  8.000000000000000E-01  7.000000000000000E-01  2.000000000000000E-01  1.000000000000000E-01  5.000000000000000E+00  1.000000000000000E-01  3.000000000000000E-01 -2.000000000000000E-01
      14      15  1.000000000000000E+00  8.000000000000000E-01  7.000000000000000E-01  2.000000000000000E-01  1.000000000000000E-01  5.000000000000000E+00  1.000000000000000E-01  3.000000000000000E-01 -2.000000000000000E-01
      14      33  1.000000000000000E+00  8.000000000000000E-01  7.000000000000000E-01  2.000000000000000E-01  1.000000000000000E-01  5.000000000000000E+00  1.000000000000000E-01  3.000000000000000E-01 -2.000000000000000E-01
      15      16  1.000000000000000E+00  8.000000000000000E-01  7.000000000000000E-01  2.000000000000000E-01  1.000000000000000E-01  5.000000000000000E+00  1.000000000000000E-01  3.000000000000000E-01 -2.000000000000000E-01
      16      17  1.000000000000000E+00  8.000000000000000E-01  7.000000000000000E-01  2.000000000000000E-01  1.000000000000000E-01  5.000000000000000E+00  1.000000000000000E-01  3.000000000000000E-01 -2.000000000000000E-01
      16      35  1.000000000000000E+00  8.000000000000000E-01  7.000000000000000E-01  2.000000000000000E-01  1.000000000000000E-01  5.000000000000000E+00  1.000000000000000E-01  3.000000000000000E-01 -2.000000000000000E-01
      17      18  1.000000000000000E+00  8.000000000000000E-01  7.000000000000000E-01  2.000000000000000E-01  1.000000000000000E-01  5.000000000000000E+00  1.000000000000000E-01  3.000000000000000E-01 -2.000000000000000E-01
      18      19  1.000000000000000E+00  8.000000000000000E-01  7.000000000000000E-01  2.000000000000000E-01  1.000000000000000E-01  5.000000000000000E+00  1.000000000000000E-01  3.000000000000000E-01 -2.000000000000000E-01
      18      37  1.000000000000000E+00  8.000000000000000E-01  7.000000000000000E-01  2.000000000000000E-01  1.000000000000000E-01  5.000000000000000E+00  1.000000000000000E-01  3.000000000000000E-01 -2.000000000000000E-01
      19      20  1.000000000000000E+00  8.000000000000000E-01  7.000000000000000E-01  2.000000000000000E-01  1.000000000000000E-01  5.000000000000000E+00  1.000000000000000E-01  3.000000000000000E-01 -2.000000000000000E-01
      20       1  1.000000000000000E+00  8.000000000000000E-01  7.000000000000000E-01  2.000000000000000E-01  1.000000000000000E-01  5.000000000000000E+00  1.000000000000000E-01  3.000000000000000E-01 -2.000000000000000E-01
      20      39  1.000000000000000E+00  8.000000000000000E-01  7.000000000000000E-01  2.000000000000000E-01  1.000000000000000E-01  5.000000000000000E+00  1.000000000000000E-01  3.000000000000000E-01 -2.000000000000000E-01
      21      22  1.000000000000000E+00  8.000000000000000E-01  7.000000000000000E-01  2.000000000000000E-01  1.000000000000000E-01  5.000000000000000E+00  1.000000000000000E-01  3.000000000000000E-01 -2.000000000000000E-01
      22      23  1.000000000000000E+00  8.000000000000000E-01  7.000000000000000E-01  2.000000000000000E-01  1.000000000000000E-01  5.000000000000000E+00  1.000000000000000E-01  3.000000000000000E-01 -2.000000000000000E-01
      22      41  1.000000000000000E+00  8.000000000000000E-01  7.000000000000000E-01  2.000000000000000E-01  1.000000000000000E-01  5.000000000000000E+00  1.000000000000000E-01  3.000000000000000E-01 -2.000000000000000E-01
      23      24  1.000000000000000E+00  8.000000000000000E-01  7.000000000000000E-01  2.000000000000000E-01  1.000000000000000E-01  5.000000000000000E+00  1.000000000000000E-01  3.000000000000000E-01 -2.000000000000000E-01
      24      25  1.000000000000000E+00  8.000000000000000E-01  7.000000000000000E-01  2.000000000000000E-01  1.000000000000000E-01  5.000000000000000E+00  1.000000000000000E-01  3.000000000000000E-01 -2.000000000000000E-01
      24      43  1.000000000000000E+00  8.000000000000000E-01  7.000000000000000E-01  2.000000000000000E-01  1.000000000000000E-01  5.000000000000000E+00  1.000000000000000E-01  3.000000000000000E-01 -2.000000000000000E-01
      25      26  1.000000000000000E+00  8.000000000000000E-01  7.000000000000000E-01  2.000000000000000E-01  1.000000000000000E-01  5.000000000000000E+00  1.000000000000000E-01  3.000000000000000E-01 -2.000000000000000E-01
      26      27  1.000000000000000E+00  8.000000000000000E-01  7.000000000000000E-01  2.000000000000000E-01  1.000000000000000E-01  5.000000000000000E+00  1.000000000000000E-01  3.000000000000000E-01 -2.000000000000000E-01
      26      45  1.000000000000000E+00  8.000000000000000E-01  7.000000000000000E-01  2.000000000000000E-01  1.000000000000000E-01  5.000000000000000E+00  1.000000000000000E-01  3.000000000000000E-01 -2.000000000000000E-01
      27      28  1.000000000000000E+00  8.000000000000000E-01  7.000000000000000E-01  2.000000000000000E-01  1.000000000000000E-01  5.000000000000000E+00  1.000000000000000E-01  3.000000000000000E-01 -2.000000000000000E-01
      28      29  1.000000000000000E+00  8.000000000000000E-01  7.000000000000000E-01  2.000000000000000E-01  1.000000000000000E-01  5.000000000000000E+00  1.000000000000000E-01  3.000000000000000E-01 -2.000000000000000E-01
      28      47  1.000000000000000E+00  8.000000000000000E-01  7.000000000000000E-01  2.000000000000000E-01  1.000000000000000E-01  5.000000000000000E+00  1.000000000000000E-01  3.000000000000000E-01 -2.000000000000000E-01
      29      30  1.000000000000000E+00  8.000000000000000E-01  7.000000000000000E-01  2.000000000000000E-01  1.000000000000000E-01  5.000000000000000E+00  1.000000000000000E-01  3.000000000000000E-01 -2.000000000000000E-01
      30      31  1.000000000000000E+00  8.000000000000000E-01  7.000000000000000E-01  2.000000000000000E-01  1.000000000000000E-01  5.000000000000000E+00  1.000000000000000E-01  3.000000000000000E-01 -2.000000000000000E-01
      30      49  1.000000000000000E+00  8.000000000000000E-01  7.000000000000000E-01  2.000000000000000E-01  1.000000000000000E-01  5.000000000000000E+00  1.000000000000000E-01  3.000000000000000E-01 -2.000000000000000E-01
      31      32  1.000000000000000E+00  8.000000000000000E-01  7.000000000000000E-01  2.000000000000000E-01  1.000000000000000E-01  5.000000000000000E+00  1.000000000000000E-01  3.000000000000000E-01 -2.000000000000000E-01
      32      33  1.000000000000000E+00  8.000000000000000E-01  7.000000000000000E-01  2.000000000000000E-01  1.000000000000000E-01  5.000000000000000E+00  1.000000000000000E-01  3.000000000000000E-01 -2.000000000000000E-01
      32      51  1.000000000000000E+00  8.000000000000000E-01  7.000000000000000E-01  2.000000000000000E-01  1.000000000000000E-01  5.000000000000000E+00  1.000000000000000E-01  3.000000000000000E-01 -2.000000000000000E-01
      33      34  1.000000000000000E+00  8.000000000000000E-01  7.000000000000000E-01  2.000000000000000E-01  1.000000000000000E-01  5.000000000000000E+00  1.000000000000000E-01  3.000000000000000E-01 -2.000000000000000E-01
      34      35  1.000000000000000E+00  8.000000000000000E-01  7.000000000000000E-01  2.000000000000000E-01  1.000000000000000E-01  5.000000000000000E+00  1.000000000000000E-01  3.000000000000000E-01 -2.000000000000000E-01
      34      53  1.000000000000000E+00  8.000000000000000E-01  7.000000000000000E-01  2.000000000000000E-01  1.000000000000000E-01  5.000000000000000E+00  1.000000000000000E-01  3.000000000000000E-01 -2.000000000000000E-01
      35      36  1.000000000000000E+00  8.000000000000000E-01  7.000000000000000E-01  2.000000000000000E-01  1.000000000000000E-01  5.000000000000000E+00  1.000000000000000E-01  3.000000000000000E-01 -2.000000000000000E-01
      36      37  1.000000000000000E+00  8.000000000000000E-01  7.000000000000000E-01  2.000000000000000E-01  1.000000000000000E-01  5.000000000000000E+00  1.000000000000000E-01  3.000000000000000E-01 -2.000000000000000E-01
      36      55  1.000000000000000E+00  8.000000000000000E-01  7.000000000000000E-01  2.000000000000000E-01  1.000000000000000E-01  5.000000000000000E+00  1.000000000000000E-01  3.000000000000000E-01 -2.000000000000000E-01
      37      38  1.000000000000000E+00  8.000000000000000E-01  7.000000000000000E-01  2.000000000000000E-01  1.000000000000000E-01  5.000000000000000E+00  1.000000000000000E-01  3.000000000000000E-01 -2.000000000000000E-01
      38      39  1.000000000000000E+00  8.000000000000000E-01  7.000000000000000E-01  2.000000000000000E-01  1.000000000000000E-01  5.000000000000000E+00  1.000000000000000E-01  3.000000000000000E-01 -2.000000000000000E-01
      38      57  1.000000000000000E+00  8.000000000000000E-01  7.000000000000000E-01  2.000000000000000E-01  1.000000000000000E-01  5.000000000000000E+00  1.000000000000000E-01  3.000000000000000E-01 -2.000000000000000E-01
      39      40  1.000000000000000E+00  8.000000000000000E-01  7.000000000000000E-01  2.000000000000000E-01  1.000000000000000E-01  5.000000000000000E+00  1.000000000000000E-01  3.000000000000000E-01 -2.000000000000000E-01
      40      21  1.000000000000000E+00  8.000000000000000E-01  7.000000000000000E-01  2.000000000000000E-01  1.000000000000000E-01  5.000000000000000E+00  1.000000000000000E-01  3.000000000000000E-01 -2.000000000000000E-01
      40      59  1.000000000000000E+00  8.000000000000000E-01  7.000000000000000E-01  2.000000000000000E-01  1.000000000000000E-01  5.000000000000000E+00  1.000000000000000E-01  3.000000000000000E-01 -2.000000000000000E-01
      41      42  1.000000000000000E+00  8.000000000000000E-01  7.000000000000000E-01  2.000000000000000E-01  1.000000000000000E-01  5.000000000000000E+00  1.000000000000000E-01  3.000000000000000E-01 -2.000000000000000E-01
      42      43  1.000000000000000E+00  8.000000000000000E-01  7.000000000000000E-01  2.000000000000000E-01  1.000000000000000E-01  5.000000000000000E+00  1.000000000000000E-01  3.000000000000000E-01 -2.000000000000000E-01
      42      61  1.000000000000000E+00  8.000000000000000E-01  7.000000000000000E-01  2.000000000000000E-01  1.000000000000000E-01  5.000000000000000E+00  1.000000000000000E-01  3.000000000000000E-01 -2.000000000000000E-01
      43      44  1.000000000000000E+00  8.000000000000000E-01  7.000000000000000E-01  2.000000000000000E-01  1.000000000000000E-01  5.000000000000000E+00  1.000000000000000E-01  3.000000000000000E-01 -2.000000000000000E-01
      44      45  1.000000000000000E+00  8.000000000000000E-01  7.000000000000000E-01  2.000000000000000E-01  1.000000000000000E-01  5.000000000000000E+00  1.000000000000000E-01  3.000000000000000E-01 -2.000000000000000E-01
      44      63  1.000000000000000E+00  8.000000000000000E-01  7.000000000000000E-01  2.000000000000000E-01  1.000000000000000E-01  5.000000000000000E+00  1.000000000000000E-01  3.000000000000000E-01 -2.000000000000000E-01
      45      46  1.000000000000000E+00  8.000000000000000E-01  7.000000000000000E-01  2.000000000000000E-01  1.000000000000000E-01  5.000000000000000E+00  1.000000000000000E-01  3.000000000000000E-01 -2.000000000000000E-01
      46      47  1.000000000000000E+00  8.000000000000000E-01  7.000000000000000E-01  2.000000000000000E-01  1.000000000000000E-01  5.000000000000000E+00  1.000000000000000E-01  3.000000000000000E-01 -2.000000000000000E-01
      46      65  1.000000000000000E+00  8.000000000000000E-01  7.000000000000000E-01  2.000000000000000E-01  1.000000000000000E-01  5.000000000000000E+00  1.000000000000000E-01  3.000000000000000E-01 -2.000000000000000E-01
      47      48  1.000000000000000E+00  8.000000000000000E-01  7.000000000000000E-01  2.000000000000000E-01  1.000000000000000E-01  5.000000000000000E+00  1.000000000000000E-01  3.000000000000000E-01 -2.000000000000000E-01
      48      49  1.000000000000000E+00  8.000000000000000E-01  7.000000000000000E-01  2.000000000000000E-01  1.000000000000000E-01  5.000000000000000E+00  1.000000000000000E-01  3.000000000000000E-01 -2.000000000000000E-01
      48      67  1.000000000000000E+00  8.000000000000000E-01  7.000000000000000E-01  2.000000000000000E-01  1.000000000000000E-01  5.000000000000000E+00  1.000000000000000E-01  3.000000000000000E-01 -2.000000000000000E-01
      49      50  1.000000000000000E+00  8.000000000000000E-01  7.000000000000000E-01  2.000000000000000E-01  1.000000000000000E-01  5.000000000000000E+00  1.000000000000000E-01  3.000000000000000E-01 -2.000000000000000E-01
      50      51  1.000000000000000E+00  8.000000000000000E-01  7.000000000000000E-01  2.000000000000000E-01  1.000000000000000E-01  5.000000000000000E+00  1.000000000000000E-01  3.000000000000000E-01 -2.000000000000000E-01
      50      69  1.000000000000000E+00  8.000000000000000E-01  7.000000000000000E-01  2.000000000000000E-01  1.000000000000000E-01  5.000000000000000E+00  1.000000000000000E-01  3.000000000000000E-01 -2.000000000000000E-01
      51      52  1.000000000000000E+00  8.000000000000000E-01  7.000000000000000E-01  2.000000000000000E-01  1.000000000000000E-01  5.000000000000000E+00  1.000000000000000E-01  3.000000000000000E-01 -2.000000000000000E-01
      52      53  1.000000000000000E+00  8.000000000000000E-01  7.000000000000000E-01  2.000000000000000E-01  1.000000000000000E-01  5.000000000000000E+00  1.000000000000000E-01  3.000000000000000E-01 -2.000000000000000E-01
      52      71  1.000000000000000E+00  8.000000000000000E-01  7.000000000000000E-01  2.000000000000000E-01  1.000000000000000E-01  5.000000000000000E+00  1.000000000000000E-01  3.000000000000000E-01 -2.000000000000000E-01
      53      54  1.000000000000000E+00  8.000000000000000E-01  7.000000000000000E-01  2.000000000000000E-01  1.000000000000000E-01  5.000000000000000E+00  1.000000000000000E-01  3.000000000000000E-01 -2.000000000000000E-01
      54      55  1.000000000000000E+00  8.000000000000000E-01  7.000000000000000E-01  2.000000000000000E-01  1.000000000000000E-01  5.000000000000000E+00  1.000000000000000E-01  3.000000000000000E-01 -2.000000000000000E-01
      54      73  1.000000000000000E+00  8.000000000000000E-01  7.000000000000000E-01  2.000000000000000E-01  1.000000000000000E-01  5.000000000000000E+00  1.000000000000000E-01  3.000000000000000E-01 -2.000000000000000E-01
      55      56  1.000000000000000E+00  8.000000000000000E-01  7.000000000000000E-01  2.000000000000000E-01  1.000000000000000E-01  5.000000000000000E+00  1.000000000000000E-01  3.000000000000000E-01 -2.000000000000000E-01
      56      57  1.000000000000000E+00  8.000000000000000E-01  7.000000000000000E-01  2.000000000000000E-01  1.000000000000000E-01  5.000000000000000E+00  1.000000000000000E-01  3.000000000000000E-01 -2.000000000000000E-01
      56      75  1.000000000000000E+00  8.000000000000000E-01  7.000000000000000E-01  2.000000000000000E-01  1.000000000000000E-01  5.000000000000000E+00  1.000000000000000E-01  3.000000000000000E-01 -2.000000000000000E-01
      57      58  1.000000000000000E+00  8.000000000000000E-01  7.000000000000000E-01  2.000000000000000E-01  1.000000000000000E-01  5.000000000000000E+00  1.000000000000000E-01  3.000000000000000E-01 -2.000000000000000E-01
      58      59  1.000000000000000E+00  8.000000000000000E-01  7.000000000000000E-01  2.000000000000000E-01  1.000000000000000E-01  5.000000000000000E+00  1.000000000000000E-01  3.000000000000000E-01 -2.000000000000000E-01
      58      77  1.000000000000000E+00  8.000000000000000E-01  7.000000000000000E-01  2.000000000000000E-01  1.000000000000000E-01  5.000000000000000E+00  1.000000000000000E-01  3.000000000000000E-01 -2.000000000000000E-01
      59      60  1.000000000000000E+00  8.000000000000000E-01  7.000000000000000E-01  2.000000000000000E-01  1.000000000000000E-01  5.000000000000000E+00  1.000000000000000E-01  3.000000000000000E-01 -2.000000000000000E-01
      60      41  1.000000000000000E+00  8.000000000000000E-01  7.000000000000000E-01  2.000000000000000E-01  1.000000000000000E-01  5.000000000000000E+00  1.000000000000000E-01  3.000000000000000E-01 -2.000000000000000E-01
      60      79  1.000000000000000E+00  8.000000000000000E-01  7.000000000000000E-01  2.000000000000000E-01  1.000000000000000E-01  5.000000000000000E+00  1.000000000000000E-01  3.000000000000000E-01 -2.000000000000000E-01
      61      62  1.000000000000000E+00  8.000000000000000E-01  7.000000000000000E-01  2.000000000000000E-01  1.000000000000000E-01  5.000000000000000E+00  1.000000000000000E-01  3.000000000000000E-01 -2.000000000000000E-01
      62      63  1.000000000000000E+00  8.000000000000000E-01  7.000000000000000E-01  2.000000000000000E-01  1.000000000000000E-01  5.000000000000000E+00  1.000000000000000E-01  3.000000000000000E-01 -2.000000000000000E-01
      62      81  1.000000000000000E+00  8.000000000000000E-01  7.000000000000000E-01  2.000000000000000E-01  1.000000000000000E-01  5.000000000000000E+00  1.000000000000000E-01  3.000000000000000E-01 -2.000000000000000E-01
      63      64  1.000000000000000E+00  8.000000000000000E-01  7.000000000000000E-01  2.000000000000000E-01  1.000000000000000E-01  5.000000000000000E+00  1.000000000000000E-01  3.000000000000000E-01 -2.000000000000000E-01
      64      65  1.000000000000000E+00  8.000000000000000E-01  7.000000000000000E-01  2.000000000000000E-01  1.000000000000000E-01  5.000000000000000E+00  1.000000000000000E-01  3.000000000000000E-01 -2.000000000000000E-01
      64      83  1.000000000000000E+00  8.000000000000000E-01  7.000000000000000E-01  2.000000000000000E-01  1.000000000000000E-01  5.000000000000000E+00  1.000000000000000E-01  3.000000000000000E-01 -2.000000000000000E-01
      65      66  1.000000000000000E+00  8.000000000000000E-01  7.000000000000000E-01  2.000000000000000E-01  1.000000000000000E-01  5.000000000000000E+00  1.000000000000000E-01  3.000000000000000E-01 -2.000000000000000E-01
      66      67  1.000000000000000E+00  8.000000000000000E-01  7.000000000000000E-01  2.000000000000000E-01  1.000000000000000E-01  5.000000000000000E+00  1.000000000000000E-01  3.000000000000000E-01 -2.000000000000000E-01
      66      85  1.000000000000000E+00  8.000000000000000E-01  7.000000000000000E-01  2.000000000000000E-01  1.000000000000000E-01  5.000000000000000E+00  1.000000000000000E-01  3.000000000000000E-01 -2.000000000000000E-01
      67      68  1.000000000000000E+00  8.000000000000000E-01  7.000000000000000E-01  2.000000000000000E-01  1.000000000000000E-01  5.000000000000000E+00  1.000000000000000E-01  3.000000000000000E-01 -2.000000000000000E-01
      68      69  1.000000000000000E+00  8.000000000000000E-01  7.000000000000000E-01  2.000000000000000E-01  1.000000000000000E-01  5.000000000000000E+00  1.000000000000000E-01  3.000000000000000E-01 -2.000000000000000E-01
      68      87  1.000000000000000E+00  8.000000000000000E-01  7.000000000000000E-01  2.000000000000000E-01  1.000000000000000E-01  5.000000000000000E+00  1.000000000000000E-01  3.000000000000000E-01 -2.000000000000000E-01
      69      70  1.000000000000000E+00  8.000000000000000E-01  7.000000000000000E-01  2.000000000000000E-01  1.000000000000000E-01  5.000000000000000E+00  1.000000000000000E-01  3.000000000000000E-01 -2.000000000000000E-01
      70      71  1.000000000000000E+00  8.000000000000000E-01  7.000000000000000E-01  2.000000000000000E-01  1.000000000000000E-01  5.000000000000000E+00  1.000000000000000E-01  3.000000000000000E-01 -2.000000000000000E-01
      70      89  1.000000000000000E+00  8.000000000000000E-01  7.000000000000000E-01  2.000000000000000E-01  1.000000000000000E-01  5.000000000000000E+00  1.000000000000000E-01  3.000000000000000E-01 -2.000000000000000E-01
      71      72  1.000000000000000E+00  8.000000000000000E-01  7.000000000000000E-01  2.000000000000000E-01  1.000000000000000E-01  5.000000000000000E+00  1.000000000000000E-01  3.000000000000000E-01 -2.000000000000000E-01
      72      73  1.000000000000000E+00  8.000000000000000E-01  7.000000000000000E-01  2.000000000000000E-01  1.000000000000000E-01  5.000000000000000E+00  1.000000000000000E-01  3.000000000000000E-01 -2.000000000000000E-01
      72      91  1.000000000000000E+00  8.000000000000000E-01  7.000000000000000E-01  2.000000000000000E-01  1.000000000000000E-01  5.000000000000000E+00  1.000000000000000E-01  3.000000000000000E-01 -2.000000000000000E-01
      73      74  1.000000000000000E+00  8.000000000000000E-01  7.000000000000000E-01  2.000000000000000E-01  1.000000000000000E-01  5.000000000000000E+00  1.000000000000000E-01  3.000000000000000E-01 -2.000000000000000E-01
      74      75  1.000000000000000E+00  8.000000000000000E-01  7.000000000000000E-01  2.000000000000000E-01  1.000000000000000E-01  5.000000000000000E+00  1.000000000000000E-01  3.000000000000000E-01 -2.000000000000000E-01
      74      93  1.000000000000000E+00  8.000000000000000E-01  7.000000000000000E-01  2.000000000000000E-01  1.000000000000000E-01  5.000000000000000E+00  1.000000000000000E-01  3.000000000000000E-01 -2.000000000000000E-01
      75      76  1.000000000000000E+00  8.000000000000000E-01  7.000000000000000E-01  2.000000000000000E-01  1.000000000000000E-01  5.000000000000000E+00  1.000000000000000E-01  3.000000000000000E-01 -2.000000000000000E-01
      76      77  1.000000000000000E+00  8.000000000000000E-01  7.000000000000000E-01  2.000000000000000E-01  1.000000000000000E-01  5.000000000000000E+00  1.000000000000000E-01  3.000000000000000E-01 -2.000000000000000E-01
      76      95  1.000000000000000E+00  8.000000000000000E-01  7.000000000000000E-01  2.000000000000000E-01  1.000000000000000E-01  5.000000000000000E+00  1.000000000000000E-01  3.000000000000000E-01 -2.000000000000000E-01
      77      78  1.000000000000000E+00  8.000000000000000E-01  7.000000000000000E-01  2.000000000000000E-01  1.000000000000000E-01  5.000000000000000E+00  1.000000000000000E-01  3.000000000000000E-01 -2.000000000000000E-01
      78      79  1.000000000000000E+00  8.000000000000000E-01  7.000000000000000E-01  2.000000000000000E-01  1.000000000000000E-01  5.000000000000000E+00  1.000000000000000E-01  3.000000000000000E-01 -2.000000000000000E-01
      78      97  1.000000000000000E+00  8.000000000000000E-01  7.000000000000000E-01  2.000000000000000E-01  1.000000000000000E-01  5.000000000000000E+00  1.000000000000000E-01  3.000000000000000E-01 -2.000000000000000E-01
      79      80  1.000000000000000E+00  8.000000000000000E-01  7.000000000000000E-01  2.000000000000000E-01  1.000000000000000E-01  5.000000000000000E+00  1.000000000000000E-01  3.000000000000000E-01 -2.000000000000000E-01
      80      61  1.000000000000000E+00  8.000000000000000E-01  7.000000000000000E-01  2.000000000000000E-01  1.000000000000000E-01  5.000000000000000E+00  1.000000000000000E-01  3.000000000000000E-01 -2.000000000000000E-01
      80      99  1.000000000000000E+00  8.000000000000000E-01  7.000000000000000E-01  2.000000000000000E-01  1.000000000000000E-01  5.000000000000000E+00  1.000000000000000E-01  3.000000000000000E-01 -2.000000000000000E-01
      81      82  1.000000000000000E+00  8.000000000000000E-01  7.000000000000000E-01  2.000000000000000E-01  1.000000000000000E-01  5.000000000000000E+00  1.000000000000000E-01  3.000000000000000E-01 -2.000000000000000E-01
      82      83  1.000000000000000E+00  8.000000000000000E-01  7.000000000000000E-01  2.000000000000000E-01  1.000000000000000E-01  5.000000000000000E+00  1.000000000000000E-01  3.000000000000000E-01 -2.000000000000000E-01
      82     101  1.000000000000000E+00  8.000000000000000E-01  7.000000000000000E-01  2.000000000000000E-01  1.000000000000000E-01  5.000000000000000E+00  1.000000000000000E-01  3.000000000000000E-01 -2.000000000000000E-01
      83      84  1.000000000000000E+00  8.000000000000000E-01  7.000000000000000E-01  2.000000000000000E-01  1.000000000000000E-01  5.000000000000000E+00  1.000000000000000E-01  3.000000000000000E-01 -2.000000000000000E-01
      84      85  1.000000000000000E+00  8.000000000000000E-01  7.000000000000000E-01  2.000000000000000E-01  1.000000000000000E-01  5.000000000000000E+00  1.000000000000000E-01  3.000000000000000E-01 -2.000000000000000E-01
      84     103  1.000000000000000E+00  8.000000000000000E-01  7.000000000000000E-01  2.000000000000000E-01  1.000000000000000E-01  5.000000000000000E+00  1.000000000000000E-01  3.000000000000000E-01 -2.000000000000000E-01
      85      86  1.000000000000000E+00  8.000000000000000E-01  7.000000000000000E-01  2.000000000000000E-01  1.000000000000000E-01  5.000000000000000E+00  1.000000000000000E-01  3.000000000000000E-01 -2.000000000000000E-01
      86      87  1.000000000000000E+00  8.000000000000000E-01  7.000000000000000E-01  2.000000000000000E-01  1.000000000000000E-01  5.000000000000000E+00  1.000000000000000E-01  3.000000000000000E-01 -2.000000000000000E-01
      86     105  1.000000000000000E+00  8.000000000000000E-01  7.000000000000000E-01  2.000000000000000E-01  1.000000000000000E-01  5.000000000000000E+00  1.000000000000000E-01  3.000000000000000E-01 -2.000000000000000E-01
      87      88  1.000000000000000E+00  8.000000000000000E-01  7.000000000000000E-01  2.000000000000000E-01  1.000000000000000E-01  5.000000000000000E+00  1.000000000000000E-01  3.000000000000000E-01 -2.000000000000000E-01
      88      89  1.000000000000000E+00  8.000000000000000E-01  7.000000000000000E-01  2.000000000000000E-01  1.000000000000000E-01  5.000000000000000E+00  1.000000000000000E-01  3.000000000000000E-01 -2.000000000000000E-01
      88     107  1.000000000000000E+00  8.000000000000000E-01  7.000000000000000E-01  2.000000000000000E-01  1.000000000000000E-01  5.000000000000000E+00  1.000000000000000E-01  3.000000000000000E-01 -2.000000000000000E-01
      89      90  1.000000000000000E+00  8.000000000000000E-01  7.000000000000000E-01  2.000000000000000E-01  1.000000000000000E-01  5.000000000000000E+00  1.000000000000000E-01  3.000000000000000E-01 -2.000000000000000E-01
      90      91  1.000000000000000E+00  8.000000000000000E-01  7.000000000000000E-01  2.000000000000000E-01  1.000000000000000E-01  5.000000000000000E+00  1.000000000000000E-01  3.000000000000000E-01 -2.000000000000000E-01
      90     109  1.000000000000000E+00  8.000000000000000E-01  7.000000000000000E-01  2.000000000000000E-01  1.000000000000000E-01  5.000000000000000E+00  1.000000000000000E-01  3.000000000000000E-01 -2.000000000000000E-01
      91      92  1.000000000000000E+00  8.000000000000000E-01  7.000000000000000E-01  2.000000000000000E-01  1.000000000000000E-01  5.000000000000000E+00  1.000000000000000E-01  3.000000000000000E-01 -2.000000000000000E-01
      92      93  1.000000000000000E+00  8.000000000000000E-01  7.000000000000000E-01  2.000000000000000E-01  1.000000000000000E-01  5.000000000000000E+00  1.000000000000000E-01  3.000000000000000E-01 -2.000000000000000E-01
      92     111  1.000000000000000E+00  8.000000000000000E-01  7.000000000000000E-01  2.000000000000000E-01  1.000000000000000E-01  5.000000000000000E+00  1.000000000000000E-01  3.000000000000000E-01 -2.000000000000000E-01
      93      94  1.000000000000000E+00  8.000000000000000E-01  7.000000000000000E-01  2.000000000000000E-01  1.000000000000000E-01  5.000000000000000E+00  1.000000000000000E-01  3.000000000000000E-01 -2.000000000000000E-01
      94      95  1.000000000000000E+00  8.000000000000000E-01  7.000000000000000E-01  2.000000000000000E-01  1.000000000000000E-01  5.000000000000000E+00  1.000000000000000E-01  3.000000000000000E-01 -2.000000000000000E-01
      94     113  1.000000000000000E+00  8.000000000000000E-01  7.000000000000000E-01  2.000000000000000E-01  1.000000000000000E-01  5.000000000000000E+00  1.000000000000000E-01  3.000000000000000E-01 -2.000000000000000E-01
      95      96  1.000000000000000E+00  8.000000000000000E-01  7.000000000000000E-01  2.000000000000000E-01  1.000000000000000E-01  5.000000000000000E+00  1.000000000000000E-01  3.000000000000000E-01 -2.000000000000000E-01
      96      97  1.000000000000000E+00  8.000000000000000E-01  7.000000000000000E-01  2.000000000000000E-01  1.000000000000000E-01  5.000000000000000E+00  1.000000000000000E-01  3.000000000000000E-01 -2.000000000000000E-01
      96     115  1.000000000000000E+00  8.000000000000000E-01  7.000000000000000E-01  2.000000000000000E-01  1.000000000000000E-01  5.000000000000000E+00  1.000000000000000E-01  3.000000000000000E-01 -2.000000000000000E-01
      97      98  1.000000000000000E+00  8.000000000000000E-01  7.000000000000000E-01  2.000000000000000E-01  1.000000000000000E-01  5.000000000000000E+00  1.000000000000000E-01  3.000000000000000E-01 -2.000000000000000E-01
      98      99  1.000000000000000E+00  8.000000000000000E-01  7.000000000000000E-01  2.000000000000000E-01  1.000000000000000E-01  5.000000000000000E+00  1.000000000000000E-01  3.000000000000000E-01 -2.000000000000000E-01
      98     117  1.000000000000000E+00  8.000000000000000E-01  7.000000000000000E-01  2.000000000000000E-01  1.000000000000000E-01  5.000000000000000E+00  1.000000000000000E-01  3.000000000000000E-01 -2.000000000000000E-01
      99     100  1.000000000000000E+00  8.000000000000000E-01  7.000000000000000E-01  2.000000000000000E-01  1.000000000000000E-01  5.000000000000000E+00  1.000000000000000E-01  3.000000000000000E-01 -2.000000000000000E-01
     100      81  1.000000000000000E+00  8.000000000000000E-01  7.000000000000000E-01  2.000000000000000E-01  1.000000000000000E-01  5.000000000000000E+00  1.000000000000000E-01  3.000000000000000E-01 -2.000000000000000E-01
     100     119  1.000000000000000E+00  8.000000000000000E-01  7.000000000000000E-01  2.000000000000000E-01  1.000000000000000E-01  5.000000000000000E+00  1.000000000000000E-01  3.000000000000000E-01 -2.000000000000000E-01
     101     102  1.000000000000000E+00  8.000000000000000E-01  7.000000000000000E-01  2.000000000000000E-01  1.000000000000000E-01  5.000000000000000E+00  1.000000000000000E-01  3.000000000000000E-01 -2.000000000000000E-01
     102     103  1.000000000000000E+00  8.000000000000000E-01  7.000000000000000E-01  2.000000000000000E-01  1.000000000000000E-01  5.000000000000000E+00  1.000000000000000E-01  3.000000000000000E-01 -2.000000000000000E-01
     102     121  1.000000000000000E+00  8.000000000000000E-01  7.000000000000000E-01  2.000000000000000E-01  1.000000000000000E-01  5.000000000000000E+00  1.000000000000000E-01  3.000000000000000E-01 -2.000000000000000E-01
     103     104  1.000000000000000E+00  8.000000000000000E-01  7.000000000000000E-01  2.000000000000000E-01  1.000000000000000E-01  5.000000000000000E+00  1.000000000000000E-01  3.000000000000000E-01 -2.000000000000000E-01
     104     105  1.000000000000000E+00  8.000000000000000E-01  7.000000000000000E-01  2.000000000000000E-01  1.000000000000000E-01  5.000000000000000E+00  1.000000000000000E-01  3.000000000000000E-01 -2.000000000000000E-01
     104     123  1.000000000000000E+00  8.000000000000000E-01  7.000000000000000E-01  2.000000000000000E-01  1.000000000000000E-01  5.000000000000000E+00  1.000000000000000E-01  3.000000000000000E-01 -2.000000000000000E-01
     105     106  1.000000000000000E+00  8.000000000000000E-01  7.000000000000000E-01  2.000000000000000E-01  1.000000000000000E-01  5.000000000000000E+00  1.000000000000000E-01  3.000000000000000E-01 -2.000000000000000E-01
     106     107  1.000000000000000E+00  8.000000000000000E-01  7.000000000000000E-01  2.000000000000000E-01  1.000000000000000E-01  5.000000000000000E+00  1.000000000000000E-01  3.000000000000000E-01 -2.000000000000000E-01
     106     125  1.000000000000000E+00  8.000000000000000E-01  7.000000000000000E-01  2.000000000000000E-01  1.000000000000000E-01  5.000000000000000E+00  1.000000000000000E-01  3.000000000000000E-01 -2.000000000000000E-01
     107     108  1.000000000000000E+00  8.000000000000000E-01  7.000000000000000E-01  2.000000000000000E-01  1.000000000000000E-01  5.000000000000000E+00  1.000000000000000E-01  3.000000000000000E-01 -2.000000000000000E-01
     108     109  1.000000000000000E+00  8.000000000000000E-01  7.000000000000000E-01  2.000000000000000E-01  1.000000000000000E-01  5.000000000000000E+00  1.000000000000000E-01  3.000000000000000E-01 -2.000000000000000E-01
     108     127  1.000000000000000E+00  8.000000000000000E-01  7.000000000000000E-01  2.000000000000000E-01  1.000000000000000E-01  5.000000000000000E+00  1.000000000000000E-01  3.000000000000000E-01 -2.000000000000000E-01
     109     110  1.000000000000000E+00  8.000000000000000E-01  7.000000000000000E-01  2.000000000000000E-01  1.000000000000000E-01  5.000000000000000E+00  1.000000000000000E-01  3.000000000000000E-01 -2.000000000000000E-01
     110     111  1.000000000000000E+00  8.000000000000000E-01  7.000000000000000E-01  2.000000000000000E-01  1.000000000000000E-01  5.000000000000000E+00  1.000000000000000E-01  3.000000000000000E-01 -2.000000000000000E-01
     110     129  1.000000000000000E+00  8.000000000000000E-01  7.000000000000000E-01  2.000000000000000E-01  1.000000000000000E-01  5.000000000000000E+00  1.000000000000000E-01  3.000000000000000E-01 -2.000000000000000E-01
     111     112  1.000000000000000E+00  8.000000000000000E-01  7.000000000000000E-01  2.000000000000000E-01  1.000000000000000E-01  5.000000000000000E+00  1.000000000000000E-01  3.000000000000000E-01 -2.000000000000000E-01
     112     113  1.000000000000000E+00  8.000000000000000E-01  7.000000000000000E-01  2.000000000000000E-01  1.000000000000000E-01  5.000000000000000E+00  1.000000000000000E-01  3.000000000000000E-01 -2.000000000000000E-01
     112     131  1.000000000000000E+00  8.000000000000000E-01  7.000000000000000E-01  2.000000000000000E-01  1.000000000000000E-01  5.000000000000000E+00  1.000000000000000E-01  3.000000000000000E-01 -2.000000000000000E-01
     113     114  1.000000000000000E+00  8.000000000000000E-01  7.000000000000000E-01  2.000000000000000E-01  1.000000000000000E-01  5.000000000000000E+00  1.000000000000000E-01  3.000000000000000E-01 -2.000000000000000E-01
     114     115  1.000000000000000E+00  8.000000000000000E-01  7.000000000000000E-01  2.000000000000000E-01  1.000000000000000E-01  5.000000000000000E+00  1.000000000000000E-01  3.000000000000000E-01 -2.000000000000000E-01
     114     133  1.000000000000000E+00  8.000000000000000E-01  7.000000000000000E-01  2.000000000000000E-01  1.000000000000000E-01  5.000000000000000E+00  1.000000000000000E-01  3.000000000000000E-01 -2.000000000000000E-01
     115     116  1.000000000000000E+00  8.000000000000000E-01  7.000000000000000E-01  2.000000000000000E-01  1.000000000000000E-01  5.000000000000000E+00  1.000000000000000E-01  3.000000000000000E-01 -2.000000000000000E-01
     116     117  1.000000000000000E+00  8.000000000000000E-01  7.000000000000000E-01  2.000000000000000E-01  1.000000000000000E-01  5.000000000000000E+00  1.000000000000000E-01  3.000000000000000E-01 -2.000000000000000E-01
     116     135  1.000000000000000E+00  8.000000000000000E-01  7.000000000000000E-01  2.000000000000000E-01  1.000000000000000E-01  5.000000000000000E+00  1.000000000000000E-01  3.000000000000000E-01 -2.000000000000000E-01
     117     118  1.000000000000000E+00  8.000000000000000E-01  7.000000000000000E-01  2.000000000000000E-01  1.000000000000000E-01  5.000000000000000E+00  1.000000000000000E-01  3.000000000000000E-01 -2.000000000000000E-01
     118     119  1.000000000000000E+00  8.000000000000000E-01  7.000000000000000E-01  2.000000000000000E-01  1.000000000000000E-01  5.000000000000000E+00  1.000000000000000E-01  3.000000000000000E-01 -2.000000000000000E-01
     118     137  1.000000000000000E+00  8.000000000000000E-01  7.000000000000000E-01  2.000000000000000E-01  1.000000000000000E-01  5.000000000000000E+00  1.000000000000000E-01  3.000000000000000E-01 -2.000000000000000E-01
     119     120  1.000000000000000E+00  8.000000000000000E-01  7.000000000000000E-01  2.000000000000000E-01  1.000000000000000E-01  5.000000000000000E+00  1.000000000000000E-01  3.000000000000000E-01 -2.000000000000000E-01
     120     101  1.000000000000000E+00  8.000000000000000E-01  7.000000000000000E-01  2.000000000000000E-01  1.000000000000000E-01  5.000000000000000E+00  1.000000000000000E-01  3.000000000000000E-01 -2.000000000000000E-01
     120     139  1.000000000000000E+00  8.000000000000000E-01  7.000000000000000E-01  2.000000000000000E-01  1.000000000000000E-01  5.000000000000000E+00  1.000000000000000E-01  3.000000000000000E-01 -2.000000000000000E-01
     121     122  1.000000000000000E+00  8.000000000000000E-01  7.000000000000000E-01  2.000000000000000E-01  1.000000000000000E-01  5.000000000000000E+00  1.000000000000000E-01  3.000000000000000E-01 -2.000000000000000E-01
     122     123  1.000000000000000E+00  8.000000000000000E-01  7.000000000000000E-01  2.000000000000000E-01  1.000000000000000E-01  5.000000000000000E+00  1.000000000000000E-01  3.000000000000000E-01 -2.000000000000000E-01
     122     141  1.000000000000000E+00  8.000000000000000E-01  7.000000000000000E-01  2.000000000000000E-01  1.000000000000000E-01  5.000000000000000E+00  1.000000000000000E-01  3.000000000000000E-01 -2.000000000000000E-01
     123     124  1.000000000000000E+00  8.000000000000000E-01  7.000000000000000E-01  2.000000000000000E-01  1.000000000000000E-01  5.000000000000000E+00  1.000000000000000E-01  3.000000000000000E-01 -2.000000000000000E-01
     124     125  1.000000000000000E+00  8.000000000000000E-01  7.000000000000000E-01  2.000000000000000E-01  1.000000000000000E-01  5.000000000000000E+00  1.000000000000000E-01  3.000000000000000E-01 -2.000000000000000E-01
     124     143  1.000000000000000E+00  8.000000000000000E-01  7.000000000000000E-01  2.000000000000000E-01  1.000000000000000E-01  5.000000000000000E+00  1.000000000000000E-01  3.000000000000000E-01 -2.000000000000000E-01
     125     126  1.000000000000000E+00  8.000000000000000E-01  7.000000000000000E-01  2.000000000000000E-01  1.000000000000000E-01  5.000000000000000E+00  1.000000000000000E-01  3.000000000000000E-01 -2.000000000000000E-01
     126     127  1.000000000000000E+00  8.000000000000000E-01  7.000000000000000E-01  2.000000000000000E-01  1.000000000000000E-01  5.000000000000000E+00  1.000000000000000E-01  3.000000000000000E-01 -2.000000000000000E-01
     126     145  1.000000000000000E+00  8.000000000000000E-01  7.000000000000000E-01  2.000000000000000E-01  1.000000000000000E-01  5.000000000000000E+00  1.000000000000000E-01  3.000000000000000E-01 -2.000000000000000E-01
     127     128  1.000000000000000E+00  8.000000000000000E-01  7.000000000000000E-01  2.000000000000000E-01  1.000000000000000E-01  5.000000000000000E+00  1.000000000000000E-01  3.000000000000000E-01 -2.000000000000000E-01
     128     129  1.000000000000000E+00  8.000000000000000E-01  7.000000000000000E-01  2.000000000000000E-01  1.000000000000000E-01  5.000000000000000E+00  1.000000000000000E-01  3.000000000000000E-01 -2.000000000000000E-01
     128     147  1.000000000000000E+00  8.000000000000000E-01  7.000000000000000E-01  2.000000000000000E-01  1.000000000000000E-01  5.000000000000000E+00  1.000000000000000E-01  3.000000000000000E-01 -2.000000000000000E-01
     129     130  1.000000000000000E+00  8.000000000000000E-01  7.000000000000000E-01  2.000000000000000E-01  1.000000000000000E-01  5.000000000000000E+00  1.000000000000000E-01  3.000000000000000E-01 -2.000000000000000E-01
     130     131  1.000000000000000E+00  8.000000000000000E-01  7.000000000000000E-01  2.000000000000000E-01  1.000000000000000E-01  5.000000000000000E+00  1.000000000000000E-01  3.000000000000000E-01 -2.000000000000000E-01
     130     149  1.000000000000000E+00  8.000000000000000E-01  7.000000000000000E-01  2.000000000000000E-01  1.000000000000000E-01  5.000000000000000E+00  1.000000000000000E-01  3.000000000000000E-01 -2.000000000000000E-01
     131     132  1.000000000000000E+00  8.000000000000000E-01  7.000000000000000E-01  2.000000000000000E-01  1.000000000000000E-01  5.000000000000000E+00  1.000000000000000E-01  3.000000000000000E-01 -2.000000000000000E-01
     132     133  1.000000000000000E+00  8.000000000000000E-01  7.000000000000000E-01  2.000000000000000E-01  1.000000000000000E-01  5.000000000000000E+00  1.000000000000000E-01  3.000000000000000E-01 -2.000000000000000E-01
     132     151  1.000000000000000E+00  8.000000000000000E-01  7.000000000000000E-01  2.000000000000000E-01  1.000000000000000E-01  5.000000000000000E+00  1.000000000000000E-01  3.000000000000000E-01 -2.000000000000000E-01
     133     134  1.000000000000000E+00  8.000000000000000E-01  7.000000000000000E-01  2.000000000000000E-01  1.000000000000000E-01  5.000000000000000E+00  1.000000000000000E-01  3.000000000000000E-01 -2.000000000000000E-01
     134     135  1.000000000000000E+00  8.000000000000000E-01  7.000000000000000E-01  2.000000000000000E-01  1.000000000000000E-01  5.000000000000000E+00  1.000000000000000E-01  3.000000000000000E-01 -2.000000000000000E-01
     134     153  1.000000000000000E+00  8.000000000000000E-01  7.000000000000000E-01  2.000000000000000E-01  1.000000000000000E-01  5.000000000000000E+00  1.000000000000000E-01  3.000000000000000E-01 -2.000000000000000E-01
     135     136  1.000000000000000E+00  8.000000000000000E-01  7.000000000000000E-01  2.000000000000000E-01  1.000000000000000E-01  5.000000000000000E+00  1.000000000000000E-01  3.000000000000000E-01 -2.000000000000000E-01
     136     137  1.000000000000000E+00  8.000000000000000E-01  7.000000000000000E-01  2.000000000000000E-01  1.000000000000000E-01  5.000000000000000E+00  1.000000000000000E-01  3.000000000000000E-01 -2.000000000000000E-01
     136     155  1.000000000000000E+00  8.000000000000000E-01  7.000000000000000E-01  2.000000000000000E-01  1.000000000000000E-01  5.000000000000000E+00  1.000000000000000E-01  3.000000000000000E-01 -2.000000000000000E-01
     137     138  1.000000000000000E+00  8.000000000000000E-01  7.000000000000000E-01  2.000000000000000E-01  1.000000000000000E-01  5.000000000000000E+00  1.000000000000000E-01  3.000000000000000E-01 -2.000000000000000E-01
     138     139  1.000000000000000E+00  8.000000000000000E-01  7.000000000000000E-01  2.000000000000000E-01  1.000000000000000E-01  5.000000000000000E+00  1.000000000000000E-01  3.000000000000000E-01 -2.000000000000000E-01
     138     157  1.000000000000000E+00  8.000000000000000E-01  7.000000000000000E-01  2.000000000000000E-01  1.000000000000000E-01  5.000000000000000E+00  1.000000000000000E-01  3.000000000000000E-01 -2.000000000000000E-01
     139     140  1.000000000000000E+00  8.000000000000000E-01  7.000000000000000E-01  2.000000000000000E-01  1.000000000000000E-01  5.000000000000000E+00  1.000000000000000E-01  3.000000000000000E-01 -2.000000000000000E-01
     140     121  1.000000000000000E+00  8.000000000000000E-01  7.000000000000000E-01  2.000000000000000E-01  1.000000000000000E-01  5.000000000000000E+00  1.000000000000000E-01  3.000000000000000E-01 -2.000000000000000E-01
     140     159  1.000000000000000E+00  8.000000000000000E-01  7.000000000000000E-01  2.000000000000000E-01  1.000000000000000E-01  5.000000000000000E+00  1.000000000000000E-01  3.000000000000000E-01 -2.000000000000000E-01
     141     142  1.000000000000000E+00  8.000000000000000E-01  7.000000000000000E-01  2.000000000000000E-01  1.000000000000000E-01  5.000000000000000E+00  1.000000000000000E-01  3.000000000000000E-01 -2.000000000000000E-01
     142     143  1.000000000000000E+00  8.000000000000000E-01  7.000000000000000E-01  2.000000000000000E-01  1.000000000000000E-01  5.000000000000000E+00  1.000000000000000E-01  3.000000000000000E-01 -2.000000000000000E-01
     142     161  1.000000000000000E+00  8.000000000000000E-01  7.000000000000000E-01  2.000000000000000E-01  1.000000000000000E-01  5.000000000000000E+00  1.000000000000000E-01  3.000000000000000E-01 -2.000000000000000E-01
     143     144  1.000000000000000E+00  8.000000000000000E-01  7.000000000000000E-01  2.000000000000000E-01  1.000000000000000E-01  5.000000000000000E+00  1.000000000000000E-01  3.000000000000000E-01 -2.000000000000000E-01
     144     145  1.000000000000000E+00  8.000000000000000E-01  7.000000000000000E-01  2.000000000000000E-01  1.000000000000000E-01  5.000000000000000E+00  1.000000000000000E-01  3.000000000000000E-01 -2.000000000000000E-01
     144     163  1.000000000000000E+00  8.000000000000000E-01  7.000000000000000E-01  2.000000000000000E-01  1.000000000000000E-01  5.000000000000000E+00  1.000000000000000E-01  3.000000000000000E-01 -2.000000000000000E-01
     145     146  1.000000000000000E+00  8.000000000000000E-01  7.000000000000000E-01  2.000000000000000E-01  1.000000000000000E-01  5.000000000000000E+00  1.000000000000000E-01  3.000000000000000E-01 -2.000000000000000E-01
     146     147  1.000000000000000E+00  8.000000000000000E-01  7.000000000000000E-01  2.000000000000000E-01  1.000000000000000E-01  5.000000000000000E+00  1.000000000000000E-01  3.000000000000000E-01 -2.000000000000000E-01
     146     165  1.000000000000000E+00  8.000000000000000E-01  7.000000000000000E-01  2.000000000000000E-01  1.000000000000000E-01  5.000000000000000E+00  1.000000000000000E-01  3.000000000000000E-01 -2.000000000000000E-01
     147     148  1.000000000000000E+00  8.000000000000000E-01  7.000000000000000E-01  2.000000000000000E-01  1.000000000000000E-01  5.000000000000000E+00  1.000000000000000E-01  3.000000000000000E-01 -2.000000000000000E-01
     148     149  1.000000000000000E+00  8.000000000000000E-01  7.000000000000000E-01  2.000000000000000E-01  1.000000000000000E-01  5.000000000000000E+00  1.000000000000000E-01  3.000000000000000E-01 -2.000000000000000E-01
     148     167  1.000000000000000E+00  8.000000000000000E-01  7.000000000000000E-01  2.000000000000000E-01  1.000000000000000E-01  5.000000000000000E+00  1.000000000000000E-01  3.000000000000000E-01 -2.000000000000000E-01
     149     150  1.000000000000000E+00  8.000000000000000E-01  7.000000000000000E-01  2.000000000000000E-01  1.000000000000000E-01  5.000000000000000E+00  1.000000000000000E-01  3.000000000000000E-01 -2.000000000000000E-01
     150     151  1.000000000000000E+00  8.000000000000000E-01  7.000000000000000E-01  2.000000000000000E-01  1.000000000000000E-01  5.000000000000000E+00  1.000000000000000E-01  3.000000000000000E-01 -2.000000000000000E-01
     150     169  1.000000000000000E+00  8.000000000000000E-01  7.000000000000000E-01  2.000000000000000E-01  1.000000000000000E-01  5.000000000000000E+00  1.000000000000000E-01  3.000000000000000E-01 -2.000000000000000E-01
     151     152  1.000000000000000E+00  8.000000000000000E-01  7.000000000000000E-01  2.000000000000000E-01  1.000000000000000E-01  5.000000000000000E+00  1.000000000000000E-01  3.000000000000000E-01 -2.000000000000000E-01
     152     153  1.000000000000000E+00  8.000000000000000E-01  7.000000000000000E-01  2.000000000000000E-01  1.000000000000000E-01  5.000000000000000E+00  1.000000000000000E-01  3.000000000000000E-01 -2.000000000000000E-01
     152     171  1.000000000000000E+00  8.000000000000000E-01  7.000000000000000E-01  2.000000000000000E-01  1.000000000000000E-01  5.000000000000000E+00  1.000000000000000E-01  3.000000000000000E-01 -2.000000000000000E-01
     153     154  1.000000000000000E+00  8.000000000000000E-01  7.000000000000000E-01  2.000000000000000E-01  1.000000000000000E-01  5.000000000000000E+00  1.000000000000000E-01  3.000000000000000E-01 -2.000000000000000E-01
     154     155  1.000000000000000E+00  8.000000000000000E-01  7.000000000000000E-01  2.000000000000000E-01  1.000000000000000E-01  5.000000000000000E+00  1.000000000000000E-01  3.000000000000000E-01 -2.000000000000000E-01
     154     173  1.000000000000000E+00  8.000000000000000E-01  7.000000000000000E-01  2.000000000000000E-01  1.000000000000000E-01  5.000000000000000E+00  1.000000000000000E-01  3.000000000000000E-01 -2.000000000000000E-01
     155     156  1.000000000000000E+00  8.000000000000000E-01  7.000000000000000E-01  2.000000000000000E-01  1.000000000000000E-01  5.000000000000000E+00  1.000000000000000E-01  3.000000000000000E-01 -2.000000000000000E-01
     156     157  1.000000000000000E+00  8.000000000000000E-01  7.000000000000000E-01  2.000000000000000E-01  1.000000000000000E-01  5.000000000000000E+00  1.000000000000000E-01  3.000000000000000E-01 -2.000000000000000E-01
     156     175  1.000000000000000E+00  8.000000000000000E-01  7.000000000000000E-01  2.000000000000000E-01  1.000000000000000E-01  5.000000000000000E+00  1.000000000000000E-01  3.000000000000000E-01 -2.000000000000000E-01
     157     158  1.000000000000000E+00  8.000000000000000E-01  7.000000000000000E-01  2.000000000000000E-01  1.000000000000000E-01  5.000000000000000E+00  1.000000000000000E-01  3.000000000000000E-01 -2.000000000000000E-01
     158     159  1.000000000000000E+00  8.000000000000000E-01  7.000000000000000E-01  2.000000000000000E-01  1.000000000000000E-01  5.000000000000000E+00  1.000000000000000E-01  3.000000000000000E-01 -2.000000000000000E-01
     158     177  1.000000000000000E+00  8.000000000000000E-01  7.000000000000000E-01  2.000000000000000E-01  1.000000000000000E-01  5.000000000000000E+00  1.000000000000000E-01  3.000000000000000E-01 -2.000000000000000E-01
     159     160  1.000000000000000E+00  8.000000000000000E-01  7.000000000000000E-01  2.000000000000000E-01  1.000000000000000E-01  5.000000000000000E+00  1.000000000000000E-01  3.000000000000000E-01 -2.000000000000000E-01
     160     141  1.000000000000000E+00  8.000000000000000E-01  7.000000000000000E-01  2.000000000000000E-01  1.000000000000000E-01  5.000000000000000E+00  1.000000000000000E-01  3.000000000000000E-01 -2.000000000000000E-01
     160     179  1.000000000000000E+00  8.000000000000000E-01  7.000000000000000E-01  2.000000000000000E-01  1.000000000000000E-01  5.000000000000000E+00  1.000000000000000E-01  3.000000000000000E-01 -2.000000000000000E-01
     161     162  1.000000000000000E+00  8.000000000000000E-01  7.000000000000000E-01  2.000000000000000E-01  1.000000000000000E-01  5.000000000000000E+00  1.000000000000000E-01  3.000000000000000E-01 -2.000000000000000E-01
     162     163  1.000000000000000E+00  8.000000000000000E-01  7.000000000000000E-01  2.000000000000000E-01  1.000000000000000E-01  5.000000000000000E+00  1.000000000000000E-01  3.000000000000000E-01 -2.000000000000000E-01
     162     181  1.000000000000000E+00  8.000000000000000E-01  7.000000000000000E-01  2.000000000000000E-01  1.000000000000000E-01  5.000000000000000E+00  1.000000000000000E-01  3.000000000000000E-01 -2.000000000000000E-01
     163     164  1.000000000000000E+00  8.000000000000000E-01  7.000000000000000E-01  2.000000000000000E-01  1.000000000000000E-01  5.000000000000000E+00  1.000000000000000E-01  3.000000000000000E-01 -2.000000000000000E-01
     164     165  1.000000000000000E+00  8.000000000000000E-01  7.000000000000000E-01  2.000000000000000E-01  1.000000000000000E-01  5.000000000000000E+00  1.000000000000000E-01  3.000000000000000E-01 -2.000000000000000E-01
     164     183  1.000000000000000E+00  8.000000000000000E-01  7.000000000000000E-01  2.000000000000000E-01  1.000000000000000E-01  5.000000000000000E+00  1.000000000000000E-01  3.000000000000000E-01 -2.000000000000000E-01
     165     166  1.000000000000000E+00  8.000000000000000E-01  7.000000000000000E-01  2.000000000000000E-01  1.000000000000000E-01  5.000000000000000E+00  1.000000000000000E-01  3.000000000000000E-01 -2.000000000000000E-01
     166     167  1.000000000000000E+00  8.000000000000000E-01  7.000000000000000E-01  2.000000000000000E-01  1.000000000000000E-01  5.000000000000000E+00  1.000000000000000E-01  3.000000000000000E-01 -2.000000000000000E-01
     166     185  1.000000000000000E+00  8.000000000000000E-01  7.000000000000000E-01  2.000000000000000E-01  1.000000000000000E-01  5.000000000000000E+00  1.000000000000000E-01  3.000000000000000E-01 -2.000000000000000E-01
     167     168  1.000000000000000E+00  8.000000000000000E-01  7.000000000000000E-01  2.000000000000000E-01  1.000000000000000E-01  5.000000000000000E+00  1.000000000000000E-01  3.000000000000000E-01 -2.000000000000000E-01
     168     169  1.000000000000000E+00  8.000000000000000E-01  7.000000000000000E-01  2.000000000000000E-01  1.000000000000000E-01  5.000000000000000E+00  1.000000000000000E-01  3.000000000000000E-01 -2.000000000000000E-01
     168     187  1.000000000000000E+00  8.000000000000000E-01  7.000000000000000E-01  2.000000000000000E-01  1.000000000000000E-01  5.000000000000000E+00  1.000000000000000E-01  3.000000000000000E-01 -2.000000000000000E-01
     169     170  1.000000000000000E+00  8.000000000000000E-01  7.000000000000000E-01  2.000000000000000E-01  1.000000000000000E-01  5.000000000000000E+00  1.000000000000000E-01  3.000000000000000E-01 -2.000000000000000E-01
     170     171  1.000000000000000E+00  8.000000000000000E-01  7.000000000000000E-01  2.000000000000000E-01  1.000000000000000E-01  5.000000000000000E+00  1.000000000000000E-01  3.000000000000000E-01 -2.000000000000000E-01
     170     189  1.000000000000000E+00  8.000000000000000E-01  7.000000000000000E-01  2.000000000000000E-01  1.000000000000000E-01  5.000000000000000E+00  1.000000000000000E-01  3.000000000000000E-01 -2.000000000000000E-01
     171     172  1.000000000000000E+00  8.000000000000000E-01  7.000000000000000E-01  2.000000000000000E-01  1.000000000000000E-01  5.000000000000000E+00  1.000000000000000E-01  3.000000000000000E-01 -2.000000000000000E-01
     172     173  1.000000000000000E+00  8.000000000000000E-01  7.000000000000000E-01  2.000000000000000E-01  1.000000000000000E-01  5.000000000000000E+00  1.000000000000000E-01  3.000000000000000E-01 -2.000000000000000E-01
     172     191  1.000000000000000E+00  8.000000000000000E-01  7.000000000000000E-01  2.000000000000000E-01  1.000000000000000E-01  5.000000000000000E+00  1.000000000000000E-01  3.000000000000000E-01 -2.000000000000000E-01
     173     174  1.000000000000000E+00  8.000000000000000E-01  7.000000000000000E-01  2.000000000000000E-01  1.000000000000000E-01  5.000000000000000E+00  1.000000000000000E-01  3.000000000000000E-01 -2.000000000000000E-01
     174     175  1.000000000000000E+00  8.000000000000000E-01  7.000000000000000E-01  2.000000000000000E-01  1.000000000000000E-01  5.000000000000000E+00  1.000000000000000E-01  3.000000000000000E-01 -2.000000000000000E-01
     174     193  1.000000000000000E+00  8.000000000000000E-01  7.000000000000000E-01  2.000000000000000E-01  1.000000000000000E-01  5.000000000000000E+00  1.000000000000000E-01  3.000000000000000E-01 -2.000000000000000E-01
     175     176  1.000000000000000E+00  8.000000000000000E-01  7.000000000000000E-01  2.000000000000000E-01  1.000000000000000E-01  5.000000000000000E+00  1.000000000000000E-01  3.000000000000000E-01 -2.000000000000000E-01
     176     177  1.000000000000000E+00  8.000000000000000E-01  7.000000000000000E-01  2.000000000000000E-01  1.000000000000000E-01  5.000000000000000E+00  1.000000000000000E-01  3.000000000000000E-01 -2.000000000000000E-01
     176     195  1.000000000000000E+00  8.000000000000000E-01  7.000000000000000E-01  2.000000000000000E-01  1.000000000000000E-01  5.000000000000000E+00  1.000000000000000E-01  3.000000000000000E-01 -2.000000000000000E-01
     177     178  1.000000000000000E+00  8.000000000000000E-01  7.000000000000000E-01  2.000000000000000E-01  1.000000000000000E-01  5.000000000000000E+00  1.000000000000000E-01  3.000000000000000E-01 -2.000000000000000E-01
     178     179  1.000000000000000E+00  8.000000000000000E-01  7.000000000000000E-01  2.000000000000000E-01  1.000000000000000E-01  5.000000000000000E+00  1.000000000000000E-01  3.000000000000000E-01 -2.000000000000000E-01
     178     197  1.000000000000000E+00  8.000000000000000E-01  7.000000000000000E-01  2.000000000000000E-01  1.000000000000000E-01  5.000000000000000E+00  1.000000000000000E-01  3.000000000000000E-01 -2.000000000000000E-01
     179     180  1.000000000000000E+00  8.000000000000000E-01  7.000000000000000E-01  2.000000000000000E-01  1.000000000000000E-01  5.000000000000000E+00  1.000000000000000E-01  3.000000000000000E-01 -2.000000000000000E-01
     180     161  1.000000000000000E+00  8.000000000000000E-01  7.000000000000000E-01  2.000000000000000E-01  1.000000000000000E-01  5.000000000000000E+00  1.000000000000000E-01  3.000000000000000E-01 -2.000000000000000E-01
     180     199  1.000000000000000E+00  8.000000000000000E-01  7.000000000000000E-01  2.000000000000000E-01  1.000000000000000E-01  5.000000000000000E+00  1.000000000000000E-01  3.000000000000000E-01 -2.000000000000000E-01
     181     182  1.000000000000000E+00  8.000000000000000E-01  7.000000000000000E-01  2.000000000000000E-01  1.000000000000000E-01  5.000000000000000E+00  1.000000000000000E-01  3.000000000000000E-01 -2.000000000000000E-01
     182     183  1.000000000000000E+00  8.000000000000000E-01  7.000000000000000E-01  2.000000000000000E-01  1.000000000000000E-01  5.000000000000000E+00  1.000000000000000E-01  3.000000000000000E-01 -2.000000000000000E-01
     182       1  1.000000000000000E+00  8.000000000000000E-01  7.000000000000000E-01  2.000000000000000E-01  1.000000000000000E-01  5.000000000000000E+00  1.000000000000000E-01  3.000000000000000E-01 -2.000000000000000E-01
     183     184  1.000000000000000E+00  8.000000000000000E-01  7.000000000000000E-01  2.000000000000000E-01  1.000000000000000E-01  5.000000000000000E+00  1.000000000000000E-01  3.000000000000000E-01 -2.000000000000000E-01
     184     185  1.000000000000000E+00  8.000000000000000E-01  7.000000000000000E-01  2.000000000000000E-01  1.000000000000000E-01  5.000000000000000E+00  1.000000000000000E-01  3.000000000000000E-01 -2.000000000000000E-01
     184       3  1.000000000000000E+00  8.000000000000000E-01  7.000000000000000E-01  2.000000000000000E-01  1.000000000000000E-01  5.000000000000000E+00  1.000000000000000E-01  3.000000000000000E-01 -2.000000000000000E-01
     185     186  1.000000000000000E+00  8.000000000000000E-01  7.000000000000000E-01  2.000000000000000E-01  1.000000000000000E-01  5.000000000000000E+00  1.000000000000000E-01  3.000000000000000E-01 -2.000000000000000E-01
     186     187  1.000000000000000E+00  8.000000000000000E-01  7.000000000000000E-01  2.000000000000000E-01  1.000000000000000E-01  5.000000000000000E+00  1.000000000000000E-01  3.000000000000000E-01 -2.000000000000000E-01
     186       5  1.000000000000000E+00  8.000000000000000E-01  7.000000000000000E-01  2.000000000000000E-01  1.000000000000000E-01  5.000000000000000E+00  1.000000000000000E-01  3.000000000000000E-01 -2.000000000000000E-01
     187     188  1.000000000000000E+00  8.000000000000000E-01  7.000000000000000E-01  2.000000000000000E-01  1.000000000000000E-01  5.000000000000000E+00  1.000000000000000E-01  3.000000000000000E-01 -2.000000000000000E-01
     188     189  1.000000000000000E+00  8.000000000000000E-01  7.000000000000000E-01  2.000000000000000E-01  1.000000000000000E-01  5.000000000000000E+00  1.000000000000000E-01  3.000000000000000E-01 -2.000000000000000E-01
     188       7  1.000000000000000E+00  8.000000000000000E-01  7.000000000000000E-01  2.000000000000000E-01  1.000000000000000E-01  5.000000000000000E+00  1.000000000000000E-01  3.000000000000000E-01 -2.000000000000000E-01
     189     190  1.000000000000000E+00  8.000000000000000E-01  7.000000000000000E-01  2.000000000000000E-01  1.000000000000000E-01  5.000000000000000E+00  1.000000000000000E-01  3.000000000000000E-01 -2.000000000000000E-01
     190     191  1.000000000000000E+00  8.000000000000000E-01  7.000000000000000E-01  2.000000000000000E-01  1.000000000000000E-01  5.000000000000000E+00  1.000000000000000E-01  3.000000000000000E-01 -2.000000000000000E-01
     190       9  1.000000000000000E+00  8.000000000000000E-01  7.000000000000000E-01  2.000000000000000E-01  1.000000000000000E-01  5.000000000000000E+00  1.000000000000000E-01  3.000000000000000E-01 -2.000000000000000E-01
     191     192  1.000000000000000E+00  8.000000000000000E-01  7.000000000000000E-01  2.000000000000000E-01  1.000000000000000E-01  5.000000000000000E+00  1.000000000000000E-01  3.000000000000000E-01 -2.000000000000000E-01
     192     193  1.000000000000000E+00  8.000000000000000E-01  7.000000000000000E-01  2.000000000000000E-01  1.000000000000000E-01  5.000000000000000E+00  1.000000000000000E-01  3.000000000000000E-01 -2.000000000000000E-01
     192      11  1.000000000000000E+00  8.000000000000000E-01  7.000000000000000E-01  2.000000000000000E-01  1.000000000000000E-01  5.000000000000000E+00  1.000000000000000E-01  3.000000000000000E-01 -2.000000000000000E-01
     193     194  1.000000000000000E+00  8.000000000000000E-01  7.000000000000000E-01  2.000000000000000E-01  1.000000000000000E-01  5.000000000000000E+00  1.000000000000000E-01  3.000000000000000E-01 -2.000000000000000E-01
     194     195  1.000000000000000E+00  8.000000000000000E-01  7.000000000000000E-01  2.000000000000000E-01  1.000000000000000E-01  5.000000000000000E+00  1.000000000000000E-01  3.000000000000000E-01 -2.000000000000000E-01
     194      13  1.000000000000000E+00  8.000000000000000E-01  7.000000000000000E-01  2.000000000000000E-01  1.000000000000000E-01  5.000000000000000E+00  1.000000000000000E-01  3.000000000000000E-01 -2.000000000000000E-01
     195     196  1.000000000000000E+00  8.000000000000000E-01  7.000000000000000E-01  2.000000000000000E-01  1.000000000000000E-01  5.000000000000000E+00  1.000000000000000E-01  3.000000000000000E-01 -2.000000000000000E-01
     196     197  1.000000000000000E+00  8.000000000000000E-01  7.000000000000000E-01  2.000000000000000E-01  1.000000000000000E-01  5.000000000000000E+00  1.000000000000000E-01  3.000000000000000E-01 -2.000000000000000E-01
     196      15  1.000000000000000E+00  8.000000000000000E-01  7.000000000000000E-01  2.000000000000000E-01  1.000000000000000E-01  5.000000000000000E+00  1.000000000000000E-01  3.000000000000000E-01 -2.000000000000000E-01
     197     198  1.000000000000000E+00  8.000000000000000E-01  7.000000000000000E-01  2.000000000000000E-01  1.000000000000000E-01  5.000000000000000E+00  1.000000000000000E-01  3.000000000000000E-01 -2.000000000000000E-01
     198     199  1.000000000000000E+00  8.000000000000000E-01  7.000000000000000E-01  2.000000000000000E-01  1.000000000000000E-01  5.000000000000000E+00  1.000000000000000E-01  3.000000000000000E-01 -2.000000000000000E-01
     198      17  1.000000000000000E+00  8.000000000000000E-01  7.000000000000000E-01  2.000000000000000E-01  1.000000000000000E-01  5.000000000000000E+00  1.000000000000000E-01  3.000000000000000E-01 -2.000000000000000E-01
     199     200  1.000000000000000E+00  8.000000000000000E-01  7.000000000000000E-01  2.000000000000000E-01  1.000000000000000E-01  5.000000000000000E+00  1.000000000000000E-01  3.000000000000000E-01 -2.000000000000000E-01
     200     181  1.000000000000000E+00  8.000000000000000E-01  7.000000000000000E-01  2.000000000000000E-01  1.000000000000000E-01  5.000000000000000E+00  1.000000000000000E-01  3.000000000000000E-01 -2.000000000000000E-01
     200      19  1.000000000000000E+00  8.000000000000000E-01  7.000000000000000E-01  2.000000000000000E-01  1.000000000000000E-01  5.000000000000000E+00  1.000000000000000E-01  3.000000000000000E-01 -2.000000000000000E-01
